0.0011	-3.42324e-07
0.0021	-9.39256e-08
0.0031	-4.31022e-08
0.0041	-2.46408e-08
0.0051	-1.59251e-08
0.0061	-1.11317e-08
0.0071	-8.21686e-09
0.0081	-6.31324e-09
0.0091	-5.00195e-09
0.0101	-4.0605e-09
0.0111	-3.36184e-09
0.0121	-2.82912e-09
0.0131	-2.41368e-09
0.0141	-2.08346e-09
0.0151	-1.81664e-09
0.0161	-1.59798e-09
0.0171	-1.41654e-09
0.0181	-1.26434e-09
0.0191	-1.13542e-09
0.0201	-1.02525e-09
0.0211	-9.30374e-10
0.0221	-8.48082e-10
0.0231	-7.76245e-10
0.0241	-7.13162e-10
0.0251	-6.57469e-10
0.0261	-6.08053e-10
0.0271	-5.64006e-10
0.0281	-5.24578e-10
0.0291	-4.89144e-10
0.0301	-4.57182e-10
0.0311	-4.28254e-10
0.0321	-4.01987e-10
0.0331	-3.78065e-10
0.0341	-3.56216e-10
0.0351	-3.36208e-10
0.0361	-3.1784e-10
0.0371	-3.00937e-10
0.0381	-2.85347e-10
0.0391	-2.70938e-10
0.0401	-2.57593e-10
0.0411	-2.45211e-10
0.0421	-2.337e-10
0.0431	-2.22981e-10
0.0441	-2.12983e-10
0.0451	-2.03643e-10
0.0461	-1.94904e-10
0.0471	-1.86716e-10
0.0481	-1.79033e-10
0.0491	-1.71815e-10
0.0501	-1.65024e-10
0.0511	-1.58629e-10
0.0521	-1.52598e-10
0.0531	-1.46904e-10
0.0541	-1.41524e-10
0.0551	-1.36433e-10
0.0561	-1.31613e-10
0.0571	-1.27043e-10
0.0581	-1.22707e-10
0.0591	-1.1859e-10
0.0601	-1.14676e-10
0.0611	-1.10953e-10
0.0621	-1.07409e-10
0.0631	-1.04031e-10
0.0641	-1.00811e-10
0.0651	-9.77375e-11
0.0661	-9.48026e-11
0.0671	-9.1998e-11
0.0681	-8.93159e-11
0.0691	-8.67495e-11
0.0701	-8.42921e-11
0.0711	-8.19377e-11
0.0721	-7.96806e-11
0.0731	-7.75154e-11
0.0741	-7.54374e-11
0.0751	-7.34418e-11
0.0761	-7.15243e-11
0.0771	-3.52327e-10
0.0781	-6.7908e-11
0.0791	-6.62018e-11
0.0801	1.0575e-09
0.0811	-6.29769e-11
0.0821	-6.14521e-11
0.0831	-3.03286e-10
0.0841	5.69141e-10
0.0851	-5.71957e-11
0.0861	9.15245e-10
0.0871	3.0914e-10
0.0881	-5.33668e-11
0.0891	1.59464e-10
0.0901	-5.10238e-11
0.0911	4.85037e-10
0.0921	-2.46908e-10
0.0931	4.64421e-10
0.0941	-8.59795e-10
0.0951	1.39977e-10
0.0961	1.37079e-10
0.0971	6.05148e-10
0.0981	1.31546e-10
0.0991	2.99987e-10
0.1001	1.86267e-11
0.1011	-8.73351e-11
0.1021	-6.15058e-10
0.1031	4.91751e-10
0.1041	-5.36206e-10
0.1051	8.23723e-11
0.1061	1.34202e-10
0.1071	8.99949e-11
0.1081	-4.24892e-10
0.1091	-2.65699e-10
0.1101	-2.01231e-10
0.1111	-2.26472e-10
0.1121	-4.22561e-10
0.1131	1.2941e-10
0.1141	-2.68566e-10
0.1151	6.51562e-10
0.1161	-9.25562e-10
0.1171	-2.08732e-10
0.1181	6.28353e-11
0.1191	-5.50964e-11
0.1201	-1.46665e-09
0.1211	7.52472e-10
0.1221	8.31249e-10
0.1231	2.34782e-10
0.1241	-7.08225e-10
0.1251	-1.40963e-10
0.1261	3.18896e-10
0.1271	1.28508e-09
0.1281	3.28981e-09
0.1291	-2.44766e-09
0.1301	2.67403e-09
0.1311	1.9316e-09
0.1321	4.84656e-07
0.1331	4.62654e-10
0.1341	3.16775e-09
0.1351	2.90215e-09
0.1361	7.60217e-09
0.1371	-6.75755e-10
0.1381	-5.6345e-09
0.1391	-1.4691e-09
0.1401	-4.57407e-09
0.1411	0.000810234
0.1421	2.7167e-09
0.1431	-2.72228e-10
0.1441	1.07634e-06
0.1451	1.09707e-07
0.1461	-1.55677e-09
0.1471	9.27056e-09
0.1481	0.000854008
0.1491	2.65277e-07
0.1501	0.000783497
0.1511	2.75649e-07
0.1521	4.56344e-08
0.1531	0.000384345
0.1541	-0.000632466
0.1551	4.21371e-09
0.1561	0.000709605
0.1571	0.00137788
0.1581	-0.000989008
0.1591	0.000260851
0.1601	0.00104321
0.1611	-0.00155465
0.1621	0.000411115
0.1631	-0.000877011
0.1641	6.94754e-07
0.1651	-5.73265e-05
0.1661	-0.000605922
0.1671	-0.000191939
0.1681	2.30409e-05
0.1691	0.000189484
0.1701	-3.37121e-05
0.1711	-0.000146401
0.1721	0.000185136
0.1731	0.0003743
0.1741	-1.69808e-05
0.1751	0.000194858
0.1761	-0.000151806
0.1771	6.94866e-05
0.1781	-7.73846e-05
0.1791	-4.8678e-06
0.1801	0.000111482
0.1811	0.000175749
0.1821	-7.98671e-06
0.1831	-4.53147e-05
0.1841	2.18791e-05
0.1851	1.21278e-05
0.1861	0.000146921
0.1871	1.92568e-05
0.1881	-1.93844e-05
0.1891	8.47703e-05
0.1901	7.62746e-06
0.1911	-1.12243e-05
0.1921	-6.37018e-05
0.1931	2.54647e-05
0.1941	3.16037e-05
0.1951	4.79615e-05
0.1961	8.80317e-05
0.1971	7.89188e-05
0.1981	4.27293e-05
0.1991	6.9513e-05
0.2001	8.01213e-05
0.2101	0.000142115
0.2201	0.00019905
0.2301	0.00034054
0.2401	0.00056205
0.2501	0.00079339
0.2601	0.00115861
0.2701	0.00178525
0.2801	0.00240247
0.2901	0.00320507
0.3001	0.00433861
0.3101	0.00557764
0.3201	0.00713862
0.3301	0.00901127
0.3401	0.0112374
0.3501	0.0136667
0.3601	0.016681
0.3701	0.0200543
0.3801	0.0237629
0.3901	0.0284033
0.4001	0.0331149
0.4101	0.0389333
0.4201	0.045026
0.4301	0.0519035
0.4401	0.0592975
0.4501	0.0676744
0.4601	0.0767994
0.4701	0.0868267
0.4801	0.0988435
0.4901	0.112211
0.5001	0.124012
0.5101	0.142228
0.5201	0.158988
0.5301	0.17886
0.5401	0.200417
0.5501	0.225906
0.5601	0.253805
0.5701	0.2841
0.5801	0.323752
0.5901	0.370451
0.6001	0.425476
0.6101	0.504822
0.6201	0.599128
0.6301	0.753925
0.6401	0.946198
0.6501	1.84357
0.6601	3.59074
0.6701	3.50717
0.6801	1.35074
0.6901	0.860299
0.7001	0.706104
0.7101	0.625171
0.7201	0.562382
0.7301	0.502132
0.7401	0.461498
0.7501	0.431694
0.7601	0.409089
0.7701	0.381482
0.7801	0.35996
0.7901	0.343767
0.8001	0.324934
0.8101	0.311437
0.8201	0.297309
0.8301	0.28749
0.8401	0.27604
0.8501	0.268558
0.8601	0.256277
0.8701	0.250457
0.8801	0.243889
0.8901	0.234443
0.9001	0.229505
0.9101	0.222752
0.9201	0.216375
0.9301	0.212253
0.9401	0.206192
0.9501	0.20127
0.9601	0.197411
0.9701	0.191442
0.9801	0.187443
0.9901	0.183128
1.0001	0.181065
1.0101	0.176163
1.0201	0.173839
1.0301	0.170383
1.0401	0.166564
1.0501	0.163259
1.0601	0.16111
1.0701	0.157793
1.0801	0.156845
1.0901	0.152959
1.1001	0.150788
1.2001	0.128979
1.3001	0.113034
1.4001	0.10122
1.5001	0.092348
1.6001	0.0847506
1.7001	0.079195
1.8001	0.074767
1.9001	0.0720879
2.0001	0.0700416
2.1001	0.0692103
2.2001	0.0693796
2.3001	0.0698246
2.4001	0.0711109
2.5001	0.0724456
2.6001	0.0746988
2.7001	0.0771474
2.8001	0.0792043
2.9001	0.0815349
3.0001	0.0846276
3.1001	0.0871909
3.2001	0.0897047
3.3001	0.0929214
3.4001	0.0953931
3.5001	0.0975195
3.6001	0.100017
3.7001	0.102625
3.8001	0.104842
3.9001	0.107867
4.0001	0.109556
4.1001	0.111647
4.2001	0.112642
4.3001	0.114867
4.4001	0.116456
4.5001	0.117323
4.6001	0.119062
4.7001	0.119366
4.8001	0.121121
4.9001	0.121656
5.0001	0.122408
5.1001	0.122945
5.2001	0.12274
5.3001	0.123805
5.4001	0.123933
5.5001	0.123351
5.6001	0.123865
5.7001	0.123285
5.8001	0.123809
5.9001	0.123247
6.0001	0.123614
6.1001	0.122142
6.2001	0.122674
6.3001	0.122395
6.4001	0.120654
6.5001	0.120349
6.6001	0.120437
6.7001	0.119141
6.8001	0.11851
6.90009	0.118132
7.00009	0.116964
7.10009	0.116467
7.20009	0.115429
7.30009	0.114474
7.40009	0.113395
7.50009	0.112801
7.60009	0.11168
7.70009	0.110255
7.80009	0.109487
7.90009	0.10903
8.00009	0.107951
8.10009	0.10705
8.2001	0.105865
8.3001	0.10509
8.4001	0.103847
8.5001	0.102404
8.6001	0.101592
8.7001	0.10049
8.8001	0.0995677
8.9001	0.0979424
9.0001	0.0977566
9.1001	0.0964355
9.2001	0.0951696
9.3001	0.0944764
9.4001	0.0929776
9.5001	0.0920905
9.6001	0.0903916
9.7001	0.089621
9.8001	0.0893669
9.9001	0.0875487
10.0001	0.087435
