10.01	0.0874149
9.91	0.0878579
9.81	0.0888862
9.71	0.0897345
9.61	0.0911823
9.51	0.0918384
9.41	0.092896
9.31	0.0939311
9.21	0.0952855
9.11	0.0964672
9.01	0.0970014
8.91	0.0980213
8.81	0.0992563
8.71	0.100359
8.60999	0.10149
8.50999	0.102398
8.40999	0.103521
8.30999	0.104451
8.20999	0.106137
8.10999	0.106631
8.00999	0.107801
7.90999	0.108604
7.80999	0.110461
7.70999	0.11071
7.60999	0.111993
7.50999	0.112402
7.40999	0.113572
7.30999	0.114043
7.20999	0.115057
7.10999	0.115957
7.00999	0.11675
6.90999	0.118082
6.80999	0.118444
6.70999	0.119888
6.60999	0.119764
6.50999	0.120634
6.40999	0.121738
6.30999	0.121554
6.20999	0.122572
6.10999	0.123904
6.00999	0.123117
5.90999	0.123686
5.80999	0.123574
5.70999	0.123776
5.60999	0.1237
5.50999	0.124097
5.41	0.124051
5.31	0.123819
5.21	0.123067
5.11	0.123033
5.01	0.122462
4.91	0.121887
4.81	0.121036
4.71	0.120401
4.61	0.119152
4.51	0.117606
4.41	0.116015
4.31	0.115474
4.21	0.112949
4.11	0.111832
4.01	0.110116
3.91	0.106938
3.81	0.105438
3.71	0.102935
3.61	0.10052
3.51	0.0981861
3.41	0.0952095
3.31	0.0927127
3.21	0.090076
3.11	0.0873759
3.01	0.0845022
2.91	0.0820292
2.81	0.0790816
2.71	0.0769419
2.61	0.0747589
2.51	0.0728582
2.41	0.0709154
2.31	0.070079
2.21	0.0692834
2.11	0.069483
2.01	0.0701979
1.91	0.0721969
1.81	0.0742756
1.71	0.0782854
1.61	0.0839328
1.51	0.0912665
1.41	0.10058
1.31	0.112154
1.21	0.127486
1.11	0.148592
1.01	0.177937
0.999998	0.181903
0.989998	0.184874
0.979998	0.189574
0.969998	0.193573
0.959998	0.198403
0.949998	0.201756
0.939998	0.207991
0.929998	0.213879
0.919998	0.218685
0.909998	0.226228
0.899998	0.231119
0.889998	0.237748
0.879998	0.247064
0.869998	0.256099
0.859998	0.26401
0.849998	0.271423
0.839998	0.283626
0.829998	0.297977
0.819998	0.308489
0.809998	0.321255
0.799998	0.341214
0.789998	0.361706
0.779998	0.382791
0.769998	0.412439
0.759998	0.446955
0.749998	0.470321
0.739998	0.52039
0.729998	0.582599
0.719998	0.651722
0.709998	0.705431
0.699998	0.823617
0.689998	0.902871
0.679998	1.00828
0.669998	1.08885
0.659998	1.15526
0.649998	1.17493
0.639998	1.15017
0.629998	1.04271
0.619998	0.960836
0.609998	0.82033
0.599998	0.699024
0.589998	0.606239
0.579998	0.524472
0.569999	0.44357
0.559999	0.385649
0.549999	0.340708
0.539999	0.302009
0.529999	0.264991
0.519999	0.232062
0.509999	0.207261
0.499999	0.184655
0.489999	0.165057
0.479999	0.146386
0.469999	0.133233
0.459999	0.117697
0.449999	0.103763
0.439999	0.0923649
0.429999	0.082557
0.419999	0.0743978
0.409999	0.0663618
0.399999	0.0591812
0.389999	0.0525489
0.379999	0.0471989
0.369999	0.0420694
0.359999	0.0374463
0.349999	0.0340703
0.339999	0.0306944
0.329999	0.0277053
0.319999	0.0250315
0.309999	0.0232615
0.299999	0.0209732
0.289999	0.0190804
0.279999	0.0180111
0.269999	0.0167307
0.259999	0.0158374
0.249999	0.0147777
0.239999	0.0136268
0.229999	0.0122693
0.219999	0.0112699
0.209999	0.00999813
0.199999	0.00903162
0.198999	0.00868132
0.197999	0.00864737
0.196999	0.0085999
0.195999	0.00853157
0.194999	0.00810563
0.193999	0.00843922
0.192999	0.00782979
0.191999	0.00799154
0.190999	0.0081602
0.189999	0.00812297
0.188999	0.00764039
0.187999	0.00738968
0.186999	0.00720684
0.185999	0.00725106
0.184999	0.007365
0.183999	0.00696504
0.182999	0.00690509
0.181999	0.00695084
0.180999	0.00674143
0.179999	0.00620204
0.178999	0.00658598
0.177999	0.00627556
0.176999	0.00655211
0.175999	0.00572845
0.174999	0.00578907
0.173999	0.005677
0.172999	0.00561353
0.171999	0.00590309
0.170999	0.00519027
0.169999	0.0053914
0.168999	0.00508203
0.167999	0.00518652
0.166999	0.00471131
0.165999	0.00475486
0.164999	0.00485567
0.163999	0.00451064
0.162999	0.0043423
0.161999	0.0044294
0.160999	0.00442185
0.159999	0.00417053
0.158999	0.00379343
0.157999	0.00379343
0.156999	0.0038682
0.155999	0.003472
0.154999	0.00393782
0.153999	0.00375667
0.152999	0.00337789
0.151999	0.00322727
0.150999	0.0032474
0.149999	0.00305029
0.148999	0.00320564
0.147999	0.00290671
0.146999	0.00269959
0.145999	0.00267317
0.144999	0.00264148
0.143999	0.00248944
0.142999	0.00256336
0.141999	0.00247453
0.140999	0.00227703
0.139999	0.00211772
0.138999	0.00208282
0.137999	0.00208574
0.136999	0.00190245
0.135999	0.00199016
0.134999	0.00185281
0.133999	0.00181135
0.132999	0.00162695
0.131999	0.0018043
0.130999	0.00145015
0.129999	0.0014108
0.128999	0.00126019
0.127999	0.00129766
0.126999	0.00153373
0.125999	0.00122686
0.124999	0.00116609
0.123999	0.00113472
0.122999	0.000942919
0.121999	0.00111899
0.120999	0.000850639
0.119999	0.000912435
0.118999	0.000703205
0.117999	0.00070756
0.116999	0.00056856
0.115999	0.000607662
0.114999	0.000477173
0.113999	0.0005269
0.112999	0.000696402
0.111999	0.000434742
0.110999	0.000515269
0.109999	0.000541196
0.108999	0.000429268
0.107999	0.000372162
0.106999	0.000444506
0.105999	0.000321798
0.104999	0.000384011
0.103999	0.000241194
0.102999	0.000286312
0.101999	0.000304067
0.100999	9.29932e-05
0.0999986	0.000179744
0.0989986	0.000149044
0.0979986	7.53439e-05
0.0969986	0.000179148
0.0959986	0.000195365
0.0949986	0.000212263
0.0939986	0.000110732
0.0929985	0.000207686
0.0919985	0.000112876
0.0909985	5.68608e-05
0.0899985	0.000165865
0.0889985	6.20061e-05
0.0879985	5.98471e-05
0.0869985	3.04199e-05
0.0859985	0.000157709
0.0849985	0.000129863
0.0839985	5.44468e-05
0.0829985	1.46294e-05
0.0819985	9.38522e-05
0.0809985	9.71913e-06
0.0799985	9.44958e-05
0.0789985	4.40924e-05
0.0779985	4.09478e-05
0.0769985	0.000109395
0.0759985	4.66839e-06
0.0749985	2.34156e-05
0.0739985	2.70295e-05
0.0729985	5.06785e-06
0.0719985	9.06839e-06
0.0709985	8.23022e-08
0.0699985	1.71658e-05
0.0689985	2.65127e-08
0.0679985	3.73757e-05
0.0669985	4.56041e-08
0.0659985	4.49031e-08
0.0649985	5.77802e-09
0.0639985	3.44289e-08
0.0629985	-1.60694e-08
0.0619985	1.21437e-08
0.0609985	-4.7797e-09
0.0599985	-3.55215e-09
0.0589985	-2.19059e-08
0.0579985	2.46255e-08
0.0569985	4.69212e-09
0.0559985	1.31166e-08
0.0549985	-7.5282e-09
0.0539985	-5.78324e-09
0.0529985	-9.23981e-09
0.0519985	1.96319e-09
0.0509985	-8.39409e-09
0.0499985	-7.32958e-09
0.0489985	3.11666e-10
0.0479985	-1.21814e-09
0.0469985	6.0995e-09
0.0459985	-8.78823e-10
0.0449985	-1.66478e-09
0.0439985	1.73124e-09
0.0429985	1.60317e-09
0.0419985	-1.27159e-09
0.0409985	2.72521e-10
0.0399985	-2.08385e-10
0.0389985	-4.18147e-10
0.0379985	-3.54407e-10
0.0369985	-1.35721e-10
0.0359985	-9.54345e-11
0.0349985	-1.00966e-10
0.0339985	-1.06993e-10
0.0329985	-1.13576e-10
0.0319985	-1.20785e-10
0.0309985	-1.28704e-10
0.0299985	-1.37428e-10
0.0289985	-1.47069e-10
0.0279985	-1.57763e-10
0.0269985	-1.69666e-10
0.0259985	-1.82969e-10
0.0249985	-1.979e-10
0.0239985	-2.14736e-10
0.0229985	-2.33816e-10
0.0219985	-2.55557e-10
0.0209985	-2.80477e-10
0.0199985	-3.09228e-10
0.0189985	-3.42637e-10
0.0179985	-3.81769e-10
0.0169985	-4.28008e-10
0.0159985	-4.83186e-10
0.0149985	-5.49765e-10
0.0139985	-6.31116e-10
0.0129985	-7.31957e-10
0.0119985	-8.5905e-10
0.0109985	-1.02236e-09
0.00999854	-1.23709e-09
0.00899854	-1.52732e-09
0.00799854	-1.9331e-09
0.00699854	-2.52499e-09
0.00599854	-3.43704e-09
0.00499854	-4.94982e-09
0.00399854	-7.73522e-09
0.00299854	-1.37549e-08
0.00199854	-3.09636e-08
0.000998536	-1.24036e-07
