10.01	0.0258818
9.91	0.0260049
9.81	0.0263933
9.71	0.026888
9.61	0.0271093
9.51	0.0272467
9.41	0.0274974
9.31	0.0279163
9.21	0.0283952
9.11	0.0287024
9.01	0.0288138
8.91	0.0293154
8.81	0.0297742
8.71	0.0300789
8.60999	0.0306103
8.50999	0.0307957
8.40999	0.0309911
8.30999	0.0316893
8.20999	0.0319988
8.10999	0.0322608
8.00999	0.0328949
7.90999	0.0335089
7.80999	0.0338374
7.70999	0.034246
7.60999	0.0348022
7.50999	0.0354257
7.40999	0.0356673
7.30999	0.0362763
7.20999	0.0368202
7.10999	0.0371924
7.00999	0.0378739
6.90999	0.0380135
6.80999	0.0387529
6.70999	0.0395603
6.60999	0.0398173
6.50999	0.0406785
6.40999	0.041173
6.30999	0.0419061
6.20999	0.0423231
6.10999	0.0433522
6.00999	0.0436891
5.90999	0.0439914
5.80999	0.0451407
5.70999	0.0460006
5.60999	0.0464823
5.50999	0.0473273
5.41	0.0484894
5.31	0.0489603
5.21	0.0501401
5.11	0.0502949
5.01	0.0512083
4.91	0.0524977
4.81	0.0530645
4.71	0.0542629
4.61	0.0553763
4.51	0.0560555
4.41	0.0570196
4.31	0.0582107
4.21	0.0583614
4.11	0.0593482
4.01	0.0611121
3.91	0.0620365
3.81	0.0633134
3.71	0.0644583
3.61	0.0655836
3.51	0.0667799
3.41	0.0683011
3.31	0.0690692
3.21	0.0703304
3.11	0.0719084
3.01	0.0731068
2.91	0.073794
2.81	0.0757088
2.71	0.0772294
2.61	0.0785111
2.51	0.0804957
2.41	0.081728
2.31	0.0823822
2.21	0.0843621
2.11	0.0859917
2.01	0.0877519
1.91	0.0888741
1.81	0.0900687
1.71	0.0918362
1.61	0.094023
1.51	0.0950678
1.41	0.0955252
1.31	0.0974271
1.21	0.0983116
1.11	0.0984745
1.01	0.099133
0.999998	0.099526
0.989998	0.0997757
0.979998	0.0991025
0.969998	0.0998288
0.959998	0.0986572
0.949998	0.0990926
0.939998	0.0994221
0.929998	0.100136
0.919998	0.0995777
0.909998	0.0990111
0.899998	0.100033
0.889998	0.100115
0.879998	0.0991702
0.869998	0.0996534
0.859998	0.0984522
0.849998	0.0993235
0.839998	0.0988996
0.829998	0.0986792
0.819998	0.0981163
0.809998	0.0975392
0.799998	0.097723
0.789998	0.0965179
0.779998	0.0963485
0.769998	0.0962048
0.759998	0.0956345
0.749998	0.0955655
0.739998	0.094908
0.729998	0.0940336
0.719998	0.0934741
0.709998	0.0926373
0.699998	0.0906111
0.689998	0.0908095
0.679998	0.0881558
0.669998	0.0870687
0.659998	0.0858898
0.649998	0.0834752
0.639998	0.0833499
0.629998	0.0800741
0.619998	0.0775234
0.609998	0.0738761
0.599998	0.0711532
0.589998	0.0674191
0.579998	0.0621478
0.569999	0.0581431
0.559999	0.052114
0.549999	0.0491509
0.539999	0.0439926
0.529999	0.0404226
0.519999	0.035899
0.509999	0.0323398
0.499999	0.0288762
0.489999	0.0258104
0.479999	0.0242906
0.469999	0.0206399
0.459999	0.0181608
0.449999	0.0162582
0.439999	0.0138547
0.429999	0.0122786
0.419999	0.0107645
0.409999	0.00941507
0.399999	0.00831071
0.389999	0.00700417
0.379999	0.0059943
0.369999	0.00514204
0.359999	0.00426265
0.349999	0.00370276
0.339999	0.00309707
0.329999	0.00252182
0.319999	0.0021161
0.309999	0.00169593
0.299999	0.00136929
0.289999	0.00109837
0.279999	0.00089629
0.269999	0.000656435
0.259999	0.000532886
0.249999	0.0004092
0.239999	0.00028124
0.229999	0.000197315
0.219999	0.000145277
0.209999	8.77098e-05
0.199999	6.52832e-05
0.198999	5.62176e-05
0.197999	5.29971e-05
0.196999	5.61646e-05
0.195999	5.6524e-05
0.194999	4.43091e-05
0.193999	4.56963e-05
0.192999	4.30373e-05
0.191999	5.24008e-05
0.190999	3.68155e-05
0.189999	4.47747e-05
0.188999	3.63094e-05
0.187999	3.17899e-05
0.186999	2.80589e-05
0.185999	2.32583e-05
0.184999	2.75633e-05
0.183999	2.697e-05
0.182999	2.75975e-05
0.181999	3.11901e-05
0.180999	2.25302e-05
0.179999	2.16388e-05
0.178999	1.84539e-05
0.177999	1.85859e-05
0.176999	1.59113e-05
0.175999	1.94208e-05
0.174999	1.402e-05
0.173999	1.73975e-05
0.172999	1.69489e-05
0.171999	1.47714e-05
0.170999	1.09753e-05
0.169999	1.0536e-05
0.168999	8.1025e-06
0.167999	9.06024e-06
0.166999	7.75199e-06
0.165999	8.8746e-06
0.164999	1.00109e-05
0.163999	7.32275e-06
0.162999	6.31008e-06
0.161999	2.19532e-06
0.160999	1.25061e-05
0.159999	6.69484e-06
0.158999	2.73167e-06
0.157999	1.17044e-05
0.156999	7.34473e-06
0.155999	4.07864e-06
0.154999	5.44583e-06
0.153999	2.86657e-06
0.152999	3.70556e-06
0.151999	2.53152e-06
0.150999	2.76874e-06
0.149999	3.31593e-06
0.148999	4.88975e-07
0.147999	3.47132e-06
0.146999	4.35265e-08
0.145999	8.41804e-07
0.144999	1.77391e-06
0.143999	6.54667e-06
0.142999	1.00478e-06
0.141999	4.03791e-07
0.140999	3.40977e-07
0.139999	4.15029e-07
0.138999	2.13786e-08
0.137999	1.94184e-08
0.136999	1.76286e-08
0.135999	1.30156e-06
0.134999	1.40823e-06
0.133999	7.87089e-07
0.132999	4.35125e-07
0.131999	1.06752e-08
0.130999	9.61339e-09
0.129999	8.58534e-09
0.128999	7.7276e-09
0.127999	6.93408e-09
0.126999	6.18698e-09
0.125999	5.46889e-09
0.124999	1.9725e-06
0.123999	4.41418e-09
0.122999	7.02465e-07
0.121999	3.5187e-09
0.120999	1.10504e-06
0.119999	2.75662e-09
0.118999	2.25556e-09
0.117999	2.14047e-09
0.116999	2.03474e-09
0.115999	1.57338e-09
0.114999	1.21183e-09
0.113999	1.3546e-09
0.112999	1.35856e-09
0.111999	1.01024e-09
0.110999	7.05186e-10
0.109999	5.85984e-10
0.108999	3.13139e-07
0.107999	3.02186e-10
0.106999	8.6477e-10
0.105999	1.20931e-09
0.104999	1.4269e-09
0.103999	1.69463e-09
0.102999	1.49945e-09
0.101999	1.35106e-09
0.100999	1.05231e-09
0.0999986	7.28468e-10
0.0989986	4.52557e-10
0.0979986	6.80434e-07
0.0969986	1.3227e-10
0.0959986	1.07982e-10
0.0949986	8.87621e-11
0.0939986	7.24661e-11
0.0929985	5.82346e-11
0.0919985	4.68492e-11
0.0909985	3.74298e-11
0.0899985	3.04083e-11
0.0889985	2.38153e-11
0.0879985	1.88674e-11
0.0869985	1.49157e-11
0.0859985	1.18002e-11
0.0849985	8.80197e-12
0.0839985	6.91861e-12
0.0829985	5.42505e-12
0.0819985	4.3081e-12
0.0809985	3.28698e-12
0.0799985	2.19621e-12
0.0789985	1.62498e-12
0.0779985	1.38801e-12
0.0769985	9.82475e-13
0.0759985	6.70042e-13
0.0749985	4.52862e-13
0.0739985	3.77363e-13
0.0729985	3.04015e-13
0.0719985	1.56586e-13
0.0709985	1.39443e-13
0.0699985	9.13574e-14
0.0689985	4.87436e-14
0.0679985	2.71684e-14
0.0669985	5.65619e-15
0.0659985	1.0766e-15
0.0649985	1.20248e-14
0.0639985	1.85042e-15
0.0629985	4.51149e-15
0.0619985	2.29213e-15
0.0609985	-7.76569e-16
0.0599985	3.5528e-15
0.0589985	4.01447e-15
0.0579985	-7.25408e-31
0.0569985	0
0.0559985	0
0.0549985	0
0.0539985	0
0.0529985	0
0.0519985	0
0.0509985	0
0.0499985	0
0.0489985	0
0.0479985	0
0.0469985	0
0.0459985	0
0.0449985	0
0.0439985	0
0.0429985	0
0.0419985	0
0.0409985	0
0.0399985	0
0.0389985	0
0.0379985	0
0.0369985	0
0.0359985	0
0.0349985	0
0.0339985	0
0.0329985	0
0.0319985	0
0.0309985	0
0.0299985	0
0.0289985	0
0.0279985	0
0.0269985	0
0.0259985	0
0.0249985	0
0.0239985	0
0.0229985	0
0.0219985	0
0.0209985	0
0.0199985	0
0.0189985	0
0.0179985	0
0.0169985	0
0.0159985	0
0.0149985	0
0.0139985	0
0.0129985	0
0.0119985	0
0.0109985	0
0.00999854	0
0.00899854	0
0.00799854	0
0.00699854	0
0.00599854	0
0.00499854	0
0.00399854	0
0.00299854	0
0.00199854	0
0.000998536	0
