10.01	-367.962
9.91	-370.261
9.81	-372.985
9.71	-375.642
9.61	-378.511
9.51	-381.132
9.41	-383.966
9.31	-386.883
9.21	-389.698
9.11	-392.576
9.01	-395.29
8.91	-398.195
8.81	-401.352
8.71	-404.383
8.60999	-407.454
8.50999	-410.289
8.40999	-413.518
8.30999	-416.484
8.20999	-419.587
8.10999	-422.727
8.00999	-425.867
7.90999	-429.158
7.80999	-432.631
7.70999	-435.689
7.60999	-439.12
7.50999	-442.663
7.40999	-446.003
7.30999	-449.583
7.20999	-453.004
7.10999	-456.346
7.00999	-459.942
6.90999	-463.422
6.80999	-466.94
6.70999	-470.453
6.60999	-474.32
6.50999	-477.662
6.40999	-481.446
6.30999	-484.999
6.20999	-488.73
6.10999	-492.182
6.00999	-495.979
5.90999	-499.554
5.80999	-503.555
5.70999	-507.131
5.60999	-510.977
5.50999	-514.576
5.41	-518.298
5.31	-522.081
5.21	-525.84
5.11	-529.356
5.01	-533.259
4.91	-536.859
4.81	-540.42
4.71	-544.053
4.61	-547.743
4.51	-551.145
4.41	-554.624
4.31	-558.109
4.21	-561.549
4.11	-564.912
4.01	-568.133
3.91	-571.605
3.81	-574.69
3.71	-577.835
3.61	-580.887
3.51	-583.856
3.41	-586.811
3.31	-589.589
3.21	-592.333
3.11	-594.952
3.01	-597.652
2.91	-600.094
2.81	-602.553
2.71	-604.848
2.61	-607.163
2.51	-609.342
2.41	-611.52
2.31	-613.618
2.21	-615.722
2.11	-617.769
2.01	-619.928
1.91	-621.99
1.81	-624.226
1.71	-626.487
1.61	-628.961
1.51	-631.563
1.41	-634.422
1.31	-637.607
1.21	-641.193
1.11	-645.322
1.01	-650.137
0.999998	-650.714
0.989998	-651.264
0.979998	-651.801
0.969998	-652.381
0.959998	-652.966
0.949998	-653.618
0.939998	-654.187
0.929998	-654.798
0.919998	-655.418
0.909998	-656.169
0.899998	-656.821
0.889998	-657.513
0.879998	-658.252
0.869998	-658.998
0.859998	-659.825
0.849998	-660.642
0.839998	-661.441
0.829998	-662.317
0.819998	-663.203
0.809998	-664.137
0.799998	-665.084
0.789998	-666.212
0.779998	-667.355
0.769998	-668.508
0.759998	-669.823
0.749998	-671.139
0.739998	-672.677
0.729998	-674.382
0.719998	-676.126
0.709998	-677.969
0.699998	-680.722
0.689998	-682.784
0.679998	-685.849
0.669998	-688.987
0.659998	-692.549
0.649998	-695.962
0.639998	-699.277
0.629998	-702.918
0.619998	-705.755
0.609998	-708.555
0.599998	-710.8
0.589998	-712.738
0.579998	-714.511
0.569999	-715.927
0.559999	-717.24
0.549999	-718.254
0.539999	-719.201
0.529999	-720.064
0.519999	-720.839
0.509999	-721.482
0.499999	-722.084
0.489999	-722.625
0.479999	-723.09
0.469999	-723.476
0.459999	-723.861
0.449999	-724.198
0.439999	-724.495
0.429999	-724.762
0.419999	-724.996
0.409999	-725.214
0.399999	-725.388
0.389999	-725.557
0.379999	-725.702
0.369999	-725.845
0.359999	-725.964
0.349999	-726.069
0.339999	-726.172
0.329999	-726.249
0.319999	-726.336
0.309999	-726.404
0.299999	-726.474
0.289999	-726.538
0.279999	-726.59
0.269999	-726.645
0.259999	-726.688
0.249999	-726.732
0.239999	-726.774
0.229999	-726.82
0.219999	-726.854
0.209999	-726.887
0.199999	-726.913
0.198999	-726.919
0.197999	-726.92
0.196999	-726.921
0.195999	-726.924
0.194999	-726.929
0.193999	-726.926
0.192999	-726.935
0.191999	-726.934
0.190999	-726.933
0.189999	-726.935
0.188999	-726.941
0.187999	-726.944
0.186999	-726.947
0.185999	-726.947
0.184999	-726.947
0.183999	-726.952
0.182999	-726.953
0.181999	-726.954
0.180999	-726.957
0.179999	-726.963
0.178999	-726.96
0.177999	-726.963
0.176999	-726.962
0.175999	-726.97
0.174999	-726.97
0.173999	-726.972
0.172999	-726.973
0.171999	-726.971
0.170999	-726.978
0.169999	-726.976
0.168999	-726.98
0.167999	-726.979
0.166999	-726.984
0.165999	-726.984
0.164999	-726.984
0.163999	-726.987
0.162999	-726.989
0.161999	-726.988
0.160999	-726.989
0.159999	-726.991
0.158999	-726.994
0.157999	-726.995
0.156999	-726.995
0.155999	-726.998
0.154999	-726.995
0.153999	-726.996
0.152999	-727
0.151999	-727.001
0.150999	-727.001
0.149999	-727.003
0.148999	-727.002
0.147999	-727.004
0.146999	-727.006
0.145999	-727.006
0.144999	-727.006
0.143999	-727.008
0.142999	-727.007
0.141999	-727.008
0.140999	-727.009
0.139999	-727.011
0.138999	-727.011
0.137999	-727.011
0.136999	-727.012
0.135999	-727.012
0.134999	-727.013
0.133999	-727.013
0.132999	-727.014
0.131999	-727.014
0.130999	-727.015
0.129999	-727.016
0.128999	-727.017
0.127999	-727.016
0.126999	-727.015
0.125999	-727.017
0.124999	-727.017
0.123999	-727.018
0.122999	-727.019
0.121999	-727.018
0.120999	-727.019
0.119999	-727.019
0.118999	-727.02
0.117999	-727.02
0.116999	-727.02
0.115999	-727.02
0.114999	-727.021
0.113999	-727.021
0.112999	-727.02
0.111999	-727.021
0.110999	-727.021
0.109999	-727.021
0.108999	-727.021
0.107999	-727.021
0.106999	-727.021
0.105999	-727.022
0.104999	-727.021
0.103999	-727.022
0.102999	-727.022
0.101999	-727.022
0.100999	-727.022
0.0999986	-727.022
0.0989986	-727.022
0.0979986	-727.022
0.0969986	-727.022
0.0959986	-727.022
0.0949986	-727.022
0.0939986	-727.022
0.0929985	-727.022
0.0919985	-727.022
0.0909985	-727.023
0.0899985	-727.022
0.0889985	-727.022
0.0879985	-727.023
0.0869985	-727.023
0.0859985	-727.022
0.0849985	-727.022
0.0839985	-727.023
0.0829985	-727.023
0.0819985	-727.023
0.0809985	-727.023
0.0799985	-727.022
0.0789985	-727.023
0.0779985	-727.023
0.0769985	-727.023
0.0759985	-727.023
0.0749985	-727.023
0.0739985	-727.023
0.0729985	-727.023
0.0719985	-727.023
0.0709985	-727.023
0.0699985	-727.023
0.0689985	-727.023
0.0679985	-727.023
0.0669985	-727.023
0.0659985	-727.023
0.0649985	-727.023
0.0639985	-727.023
0.0629985	-727.023
0.0619985	-727.023
0.0609985	-727.023
0.0599985	-727.023
0.0589985	-727.023
0.0579985	-727.023
0.0569985	-727.023
0.0559985	-727.023
0.0549985	-727.023
0.0539985	-727.023
0.0529985	-727.023
0.0519985	-727.023
0.0509985	-727.023
0.0499985	-727.023
0.0489985	-727.023
0.0479985	-727.023
0.0469985	-727.023
0.0459985	-727.023
0.0449985	-727.023
0.0439985	-727.023
0.0429985	-727.023
0.0419985	-727.023
0.0409985	-727.023
0.0399985	-727.023
0.0389985	-727.023
0.0379985	-727.023
0.0369985	-727.023
0.0359985	-727.023
0.0349985	-727.023
0.0339985	-727.023
0.0329985	-727.023
0.0319985	-727.023
0.0309985	-727.023
0.0299985	-727.023
0.0289985	-727.023
0.0279985	-727.023
0.0269985	-727.023
0.0259985	-727.023
0.0249985	-727.023
0.0239985	-727.023
0.0229985	-727.023
0.0219985	-727.023
0.0209985	-727.023
0.0199985	-727.023
0.0189985	-727.023
0.0179985	-727.023
0.0169985	-727.023
0.0159985	-727.023
0.0149985	-727.023
0.0139985	-727.023
0.0129985	-727.023
0.0119985	-727.023
0.0109985	-727.023
0.00999854	-727.023
0.00899854	-727.023
0.00799854	-727.023
0.00699854	-727.023
0.00599854	-727.023
0.00499854	-727.023
0.00399854	-727.023
0.00299854	-727.023
0.00199854	-727.023
0.000998536	-727.023
