0.0001	-464.462
0.0011	-464.464
0.0021	-464.464
0.0031	-464.464
0.0041	-464.464
0.0051	-464.464
0.0061	-464.464
0.0071	-464.464
0.0081	-464.464
0.0091	-464.464
0.0101	-464.464
0.0111	-464.464
0.0121	-464.464
0.0131	-464.464
0.0141	-464.464
0.0151	-464.464
0.0161	-464.464
0.0171	-464.464
0.0181	-464.464
0.0191	-464.464
0.0201	-464.464
0.0211	-464.464
0.0221	-464.464
0.0231	-464.464
0.0241	-464.464
0.0251	-464.464
0.0261	-464.464
0.0271	-464.464
0.0281	-464.464
0.0291	-464.464
0.0301	-464.464
0.0311	-464.464
0.0321	-464.464
0.0331	-464.464
0.0341	-464.464
0.0351	-464.464
0.0361	-464.464
0.0371	-464.464
0.0381	-464.464
0.0391	-464.464
0.0401	-464.464
0.0411	-464.464
0.0421	-464.464
0.0431	-464.464
0.0441	-464.464
0.0451	-464.464
0.0461	-464.464
0.0471	-464.464
0.0481	-464.464
0.0491	-464.464
0.0501	-464.464
0.0511	-464.464
0.0521	-464.464
0.0531	-464.464
0.0541	-464.464
0.0551	-464.464
0.0561	-464.464
0.0571	-464.464
0.0581	-464.464
0.0591	-464.464
0.0601	-464.464
0.0611	-464.464
0.0621	-464.464
0.0631	-464.464
0.0641	-464.464
0.0651	-464.464
0.0661	-464.464
0.0671	-464.464
0.0681	-464.464
0.0691	-464.464
0.0701	-464.464
0.0711	-464.464
0.0721	-464.464
0.0731	-464.464
0.0741	-464.464
0.0751	-464.464
0.0761	-464.464
0.0771	-464.464
0.0781	-464.464
0.0791	-464.464
0.0801	-464.464
0.0811	-464.464
0.0821	-464.464
0.0831	-464.464
0.0841	-464.464
0.0851	-464.464
0.0861	-464.464
0.0871	-464.464
0.0881	-464.464
0.0891	-464.464
0.0901	-464.464
0.0911	-464.464
0.0921	-464.464
0.0931	-464.464
0.0941	-464.463
0.0951	-464.464
0.0961	-464.463
0.0971	-464.463
0.0981	-464.463
0.0991	-464.463
0.1001	-464.463
0.1011	-464.463
0.1021	-464.463
0.1031	-464.463
0.1041	-464.463
0.1051	-464.463
0.1061	-464.463
0.1071	-464.463
0.1081	-464.463
0.1091	-464.463
0.1101	-464.463
0.1111	-464.463
0.1121	-464.462
0.1131	-464.462
0.1141	-464.462
0.1151	-464.462
0.1161	-464.462
0.1171	-464.462
0.1181	-464.462
0.1191	-464.461
0.1201	-464.461
0.1211	-464.461
0.1221	-464.462
0.1231	-464.461
0.1241	-464.46
0.1251	-464.461
0.1261	-464.461
0.1271	-464.46
0.1281	-464.46
0.1291	-464.459
0.1301	-464.46
0.1311	-464.459
0.1321	-464.459
0.1331	-464.459
0.1341	-464.459
0.1351	-464.458
0.1361	-464.457
0.1371	-464.458
0.1381	-464.457
0.1391	-464.457
0.1401	-464.457
0.1411	-464.456
0.1421	-464.454
0.1431	-464.455
0.1441	-464.454
0.1451	-464.454
0.1461	-464.454
0.1471	-464.454
0.1481	-464.452
0.1491	-464.451
0.1501	-464.451
0.1511	-464.45
0.1521	-464.451
0.1531	-464.45
0.1541	-464.449
0.1551	-464.449
0.1561	-464.447
0.1571	-464.447
0.1581	-464.446
0.1591	-464.443
0.1601	-464.444
0.1611	-464.445
0.1621	-464.445
0.1631	-464.442
0.1641	-464.444
0.1651	-464.44
0.1661	-464.44
0.1671	-464.438
0.1681	-464.439
0.1691	-464.44
0.1701	-464.438
0.1711	-464.436
0.1721	-464.435
0.1731	-464.432
0.1741	-464.432
0.1751	-464.433
0.1761	-464.432
0.1771	-464.429
0.1781	-464.428
0.1791	-464.428
0.1801	-464.424
0.1811	-464.425
0.1821	-464.424
0.1831	-464.423
0.1841	-464.422
0.1851	-464.417
0.1861	-464.419
0.1871	-464.417
0.1881	-464.416
0.1891	-464.416
0.1901	-464.411
0.1911	-464.409
0.1921	-464.41
0.1931	-464.409
0.1941	-464.405
0.1951	-464.406
0.1961	-464.403
0.1971	-464.401
0.1981	-464.4
0.1991	-464.4
0.2001	-464.4
0.2101	-464.377
0.2201	-464.358
0.2301	-464.335
0.2401	-464.311
0.2501	-464.282
0.2601	-464.252
0.2701	-464.222
0.2801	-464.184
0.2901	-464.146
0.3001	-464.107
0.3101	-464.06
0.3201	-464.01
0.3301	-463.951
0.3401	-463.885
0.3501	-463.82
0.3601	-463.747
0.3701	-463.655
0.3801	-463.565
0.3901	-463.466
0.4001	-463.332
0.4101	-463.216
0.4201	-463.071
0.4301	-462.898
0.4401	-462.687
0.4501	-462.492
0.4601	-462.265
0.4701	-461.995
0.4801	-461.698
0.4901	-461.364
0.5001	-461.011
0.5101	-460.593
0.5201	-460.054
0.5301	-459.545
0.5401	-458.918
0.5501	-458.302
0.5601	-457.444
0.5701	-456.639
0.5801	-455.591
0.5901	-454.557
0.6001	-453.205
0.6101	-451.744
0.6201	-450.13
0.6301	-448.314
0.6401	-446.487
0.6501	-444.846
0.6601	-442.936
0.6701	-441.094
0.6801	-439.473
0.6901	-437.816
0.7001	-436.069
0.7101	-434.908
0.7201	-433.446
0.7301	-432.192
0.7401	-431.165
0.7501	-430.124
0.7601	-429.284
0.7701	-428.317
0.7801	-427.564
0.7901	-426.84
0.8001	-426.064
0.8101	-425.409
0.8201	-424.761
0.8301	-424.178
0.8401	-423.586
0.8501	-422.99
0.8601	-422.454
0.8701	-421.916
0.8801	-421.452
0.8901	-420.963
0.9001	-420.504
0.9101	-420.08
0.9201	-419.637
0.9301	-419.169
0.9401	-418.754
0.9501	-418.438
0.9601	-417.975
0.9701	-417.619
0.9801	-417.237
0.9901	-416.872
1.0001	-416.535
1.0101	-416.173
1.0201	-415.818
1.0301	-415.496
1.0401	-415.145
1.0501	-414.89
1.0601	-414.569
1.0701	-414.207
1.0801	-413.929
1.0901	-413.635
1.1001	-413.347
1.2001	-410.653
1.3001	-408.296
1.4001	-406.248
1.5001	-404.361
1.6001	-402.707
1.7001	-401.098
1.8001	-399.643
1.9001	-398.226
2.0001	-396.82
2.1001	-395.534
2.2001	-394.215
2.3001	-392.851
2.4001	-391.465
2.5001	-390.105
2.6001	-388.718
2.7001	-387.259
2.8001	-385.754
2.9001	-384.242
3.0001	-382.519
3.1001	-380.934
3.2001	-379.317
3.3001	-377.523
3.4001	-375.645
3.5001	-373.825
3.6001	-371.993
3.7001	-370.031
3.8001	-367.966
3.9001	-366.028
4.0001	-363.86
4.1001	-361.828
4.2001	-359.647
4.3001	-357.438
4.4001	-355.232
4.5001	-352.972
4.6001	-350.723
4.7001	-348.349
4.8001	-346.018
4.9001	-343.84
5.0001	-341.481
5.1001	-339.028
5.2001	-336.704
5.3001	-334.51
5.4001	-331.922
5.5001	-329.655
5.6001	-327.164
5.7001	-324.726
5.8001	-322.387
5.9001	-320.175
6.0001	-317.691
6.1001	-315.359
6.2001	-312.979
6.3001	-310.543
6.4001	-308.269
6.5001	-306.051
6.6001	-303.608
6.7001	-301.239
6.8001	-299.027
6.90009	-296.937
7.00009	-294.517
7.10009	-292.498
7.20009	-289.945
7.30009	-287.938
7.40009	-285.7
7.50009	-283.589
7.60009	-281.313
7.70009	-279.145
7.80009	-277.093
7.90009	-274.898
8.00009	-273.067
8.10009	-270.792
8.2001	-268.846
8.3001	-266.704
8.4001	-264.918
8.5001	-262.846
8.6001	-260.826
8.7001	-259.112
8.8001	-256.967
8.9001	-255.094
9.0001	-253.401
9.1001	-251.456
9.2001	-249.543
9.3001	-247.768
9.4001	-245.896
9.5001	-244.233
9.6001	-242.18
9.7001	-240.628
9.8001	-238.658
9.9001	-237.023
10.0001	-235.478
