0.0001	0
0.0011	0
0.0021	0
0.0031	0
0.0041	0
0.0051	0
0.0061	0
0.0071	0
0.0081	0
0.0091	0
0.0101	0
0.0111	0
0.0121	0
0.0131	0
0.0141	0
0.0151	0
0.0161	0
0.0171	0
0.0181	0
0.0191	0
0.0201	0
0.0211	2.26995e-46
0.0221	3.53363e-44
0.0231	2.47246e-42
0.0241	5.07263e-41
0.0251	1.75676e-39
0.0261	4.79669e-38
0.0271	1.02745e-36
0.0281	1.76453e-35
0.0291	2.49536e-34
0.0301	2.95e-33
0.0311	2.9656e-32
0.0321	2.58626e-31
0.0331	1.97886e-30
0.0341	1.34161e-29
0.0351	8.13958e-29
0.0361	4.47548e-28
0.0371	2.23741e-27
0.0381	1.02954e-26
0.0391	4.38006e-26
0.0401	1.73053e-25
0.0411	6.38079e-25
0.0421	2.21372e-24
0.0431	7.23034e-24
0.0441	2.25121e-23
0.0451	6.63881e-23
0.0461	1.86342e-22
0.0471	5.00893e-22
0.0481	1.29472e-21
0.0491	3.21959e-21
0.0501	7.69815e-21
0.0511	1.77828e-20
0.0521	3.97532e-20
0.0531	8.65013e-20
0.0541	1.8264e-19
0.0551	3.74946e-19
0.0561	7.49395e-19
0.0571	1.46224e-18
0.0581	2.78427e-18
0.0591	5.2009e-18
0.0601	9.52049e-18
0.0611	1.70263e-17
0.0621	2.99166e-17
0.0631	5.16981e-17
0.0641	8.75614e-17
0.0651	1.46124e-16
0.0661	2.40178e-16
0.0671	3.88999e-16
0.0681	6.22551e-16
0.0691	9.79153e-16
0.0701	1.52264e-15
0.0711	2.33926e-15
0.0721	3.54424e-15
0.0731	5.30836e-15
0.0741	7.87679e-15
0.0751	1.1575e-14
0.0761	1.68215e-14
0.0771	2.41415e-14
0.0781	3.44548e-14
0.0791	4.87157e-14
0.0801	6.82444e-14
0.0811	9.47507e-14
0.0821	1.3052e-13
0.0831	1.78636e-13
0.0841	2.42448e-13
0.0851	3.26341e-13
0.0861	4.36504e-13
0.0871	5.80849e-13
0.0881	7.65465e-13
0.0891	1.00512e-12
0.0901	1.31074e-12
0.0911	1.69789e-12
0.0921	2.19149e-12
0.0931	2.80656e-12
0.0941	3.5822e-12
0.0951	4.54461e-12
0.0961	5.74458e-12
0.0971	7.21352e-12
0.0981	9.03336e-12
0.0991	1.12366e-11
0.1001	1.39859e-11
0.1011	1.72188e-11
0.1021	2.11919e-11
0.1031	2.58962e-11
0.1041	3.16688e-11
0.1051	3.84195e-11
0.1061	4.65733e-11
0.1071	5.60632e-11
0.1081	6.74931e-11
0.1091	8.0825e-11
0.1101	9.63677e-11
0.1111	1.14959e-10
0.1121	1.36712e-10
0.1131	1.61469e-10
0.1141	1.90492e-10
0.1151	2.24245e-10
0.1161	2.63078e-10
0.1171	3.07511e-10
0.1181	3.59371e-10
0.1191	4.18038e-10
0.1201	4.85133e-10
0.1211	5.60889e-10
0.1221	6.49125e-10
0.1231	7.48007e-10
0.1241	8.61985e-10
0.1251	9.88917e-10
0.1261	1.12866e-09
0.1271	1.50693e-07
0.1281	1.47359e-09
0.1291	1.6786e-09
0.1301	1.90767e-09
0.1311	2.15791e-09
0.1321	2.44467e-09
0.1331	2.75519e-09
0.1341	3.10895e-09
0.1351	4.25063e-07
0.1361	3.9344e-09
0.1371	4.41366e-09
0.1381	4.93567e-09
0.1391	5.52287e-09
0.1401	6.16854e-09
0.1411	3.72157e-07
0.1421	7.68195e-09
0.1431	8.48113e-09
0.1441	9.45695e-09
0.1451	1.97394e-07
0.1461	3.64073e-07
0.1471	1.27718e-08
0.1481	1.73542e-06
0.1491	1.5554e-08
0.1501	2.96267e-06
0.1511	3.77872e-07
0.1521	2.06231e-08
0.1531	1.08578e-06
0.1541	2.48409e-08
0.1551	3.94451e-07
0.1561	4.29321e-07
0.1571	6.19503e-07
0.1581	1.20216e-06
0.1591	5.40823e-06
0.1601	4.19959e-08
0.1611	3.32832e-06
0.1621	2.59306e-06
0.1631	2.53374e-07
0.1641	2.6697e-06
0.1651	3.20172e-06
0.1661	5.41913e-07
0.1671	1.09634e-06
0.1681	2.22598e-06
0.1691	2.47529e-06
0.1701	1.55889e-06
0.1711	3.2365e-06
0.1721	5.8129e-06
0.1731	2.45031e-06
0.1741	2.89506e-06
0.1751	2.87407e-06
0.1761	3.17618e-06
0.1771	5.8642e-06
0.1781	7.39946e-06
0.1791	3.52256e-06
0.1801	3.41088e-06
0.1811	5.51733e-06
0.1821	1.02371e-05
0.1831	4.61359e-06
0.1841	1.21613e-05
0.1851	8.99266e-06
0.1861	1.25443e-05
0.1871	1.65126e-05
0.1881	5.77474e-06
0.1891	1.33512e-05
0.1901	1.70537e-05
0.1911	1.45106e-05
0.1921	1.13811e-05
0.1931	1.17675e-05
0.1941	1.2425e-05
0.1951	1.59956e-05
0.1961	1.57074e-05
0.1971	1.71772e-05
0.1981	2.45196e-05
0.1991	1.66338e-05
0.2001	1.67396e-05
0.2101	4.12573e-05
0.2201	5.49623e-05
0.2301	6.95879e-05
0.2401	0.000115633
0.2501	0.00017022
0.2601	0.000236105
0.2701	0.000365073
0.2801	0.000458169
0.2901	0.000617957
0.3001	0.000834841
0.3101	0.00106522
0.3201	0.00129225
0.3301	0.00161827
0.3401	0.0019958
0.3501	0.00244789
0.3601	0.0028593
0.3701	0.0034696
0.3801	0.00393377
0.3901	0.00450314
0.4001	0.00541814
0.4101	0.00607747
0.4201	0.00689151
0.4301	0.0077884
0.4401	0.00876387
0.4501	0.00981357
0.4601	0.010779
0.4701	0.0119379
0.4801	0.0131183
0.4901	0.0143052
0.5001	0.0156919
0.5101	0.0170036
0.5201	0.0190043
0.5301	0.0208759
0.5401	0.0226789
0.5501	0.0244835
0.5601	0.026978
0.5701	0.028767
0.5801	0.0318811
0.5901	0.034757
0.6001	0.0388602
0.6101	0.0424157
0.6201	0.0468318
0.6301	0.0514279
0.6401	0.057096
0.6501	0.0598579
0.6601	0.0655827
0.6701	0.0691082
0.6801	0.0731398
0.6901	0.0759092
0.7001	0.0793622
0.7101	0.0811668
0.7201	0.0850261
0.7301	0.0866073
0.7401	0.0884048
0.7501	0.090235
0.7601	0.0910378
0.7701	0.0927902
0.7801	0.0939496
0.7901	0.0945313
0.8001	0.0959636
0.8101	0.0966185
0.8201	0.0968702
0.8301	0.0971613
0.8401	0.0979295
0.8501	0.0982877
0.8601	0.098363
0.8701	0.0993929
0.8801	0.0988018
0.8901	0.0987591
0.9001	0.0995369
0.9101	0.10092
0.9201	0.0993607
0.9301	0.100593
0.9401	0.0996869
0.9501	0.100763
0.9601	0.0999641
0.9701	0.101358
0.9801	0.101439
0.9901	0.101043
1.0001	0.0999055
1.0101	0.100446
1.0201	0.10056
1.0301	0.0997165
1.0401	0.100724
1.0501	0.0999399
1.0601	0.10078
1.0701	0.100356
1.0801	0.100515
1.0901	0.100481
1.1001	0.100107
1.2001	0.100594
1.3001	0.0986652
1.4001	0.0973423
1.5001	0.0960007
1.6001	0.0956129
1.7001	0.0929669
1.8001	0.0923763
1.9001	0.0903629
2.0001	0.0886848
2.1001	0.0869562
2.2001	0.0854492
2.3001	0.0837129
2.4001	0.0823238
2.5001	0.0813853
2.6001	0.0797537
2.7001	0.0781283
2.8001	0.0761832
2.9001	0.0750013
3.0001	0.0741533
3.1001	0.0725317
3.2001	0.0712875
3.3001	0.0700889
3.4001	0.0695499
3.5001	0.0675612
3.6001	0.0662432
3.7001	0.0652077
3.8001	0.0636258
3.9001	0.0625837
4.0001	0.0614294
4.1001	0.0609429
4.2001	0.059877
4.3001	0.0583114
4.4001	0.0578228
4.5001	0.0560482
4.6001	0.0552346
4.7001	0.0544658
4.8001	0.0539429
4.9001	0.0531548
5.0001	0.0519947
5.1001	0.0513158
5.2001	0.0505058
5.3001	0.0498756
5.4001	0.0486778
5.5001	0.0476947
5.6001	0.0476748
5.7001	0.0465439
5.8001	0.0452266
5.9001	0.044756
6.0001	0.0444329
6.1001	0.0436253
6.2001	0.0430751
6.3001	0.0426198
6.4001	0.0415066
6.5001	0.0409657
6.6001	0.0404936
6.7001	0.0401233
6.8001	0.0394673
6.90009	0.0386271
7.00009	0.0377554
7.10009	0.0378933
7.20009	0.037314
7.30009	0.0366227
7.40009	0.0358703
7.50009	0.0356368
7.60009	0.0351379
7.70009	0.0346011
7.80009	0.0342853
7.90009	0.0336693
8.00009	0.0333742
8.10009	0.0327517
8.2001	0.0324489
8.3001	0.0320236
8.4001	0.0316699
8.5001	0.0314362
8.6001	0.0309786
8.7001	0.0304828
8.8001	0.0302002
8.9001	0.0298858
9.0001	0.0293831
9.1001	0.0291336
9.2001	0.0287032
9.3001	0.0282757
9.4001	0.0279101
9.5001	0.0278579
9.6001	0.0273727
9.7001	0.0270537
9.8001	0.0267204
9.9001	0.0265261
10.0001	0.0259967
