0.0001	-7.63597e-006
0.0011	-6.31072e-008
0.0021	7.52971e-008
0.0031	1.43637e-008
0.0041	6.99975e-009
0.0051	-2.93578e-009
0.0061	-2.59953e-009
0.0071	2.33418e-009
0.0081	-1.16384e-009
0.0091	4.0099e-009
0.0101	-7.48551e-010
0.0111	-6.19752e-010
0.0121	-5.21547e-010
0.0131	6.85658e-010
0.0141	5.91851e-010
0.0151	-3.34896e-010
0.0161	-2.94586e-010
0.0171	-2.61139e-010
0.0181	1.01358e-009
0.0191	-2.09313e-010
0.0201	-1.89004e-010
0.0211	-1.71514e-010
0.0221	-1.56343e-010
0.0231	-1.431e-010
0.0241	-1.31471e-010
0.0251	-1.21204e-010
0.0261	-1.12094e-010
0.0271	-1.03974e-010
0.0281	-9.67055e-011
0.0291	-9.01733e-011
0.0301	3.66508e-010
0.0311	3.43318e-010
0.0321	-7.41061e-011
0.0331	-6.9696e-011
0.0341	-6.56682e-011
0.0351	-6.19797e-011
0.0361	-5.85935e-011
0.0371	-5.54774e-011
0.0381	-5.26034e-011
0.0391	2.17202e-010
0.0401	7.31749e-011
0.0411	6.96574e-011
0.0421	1.8735e-010
0.0431	-4.11064e-011
0.0441	-3.92633e-011
0.0451	1.63254e-010
0.0461	-3.59304e-011
0.0471	-3.44209e-011
0.0481	-3.30046e-011
0.0491	4.88077e-011
0.0501	-3.04221e-011
0.0511	1.27167e-010
0.0521	-2.81313e-011
0.0531	-2.70817e-011
0.0541	4.02028e-011
0.0551	-2.51514e-011
0.0561	3.73874e-011
0.0571	-2.34203e-011
0.0581	9.83706e-011
0.0591	-2.1862e-011
0.0601	3.25763e-011
0.0611	-2.04542e-011
0.0621	-1.98007e-011
0.0631	-1.91781e-011
0.0641	-1.85844e-011
0.0651	-1.80178e-011
0.0661	2.69307e-011
0.0671	7.37518e-011
0.0681	-1.64653e-011
0.0691	2.46431e-011
0.0701	6.75743e-011
0.0711	-1.51052e-011
0.0721	-1.46891e-011
0.0731	-1.42899e-011
0.0741	-1.39068e-011
0.0751	-1.35389e-011
0.0761	-1.31854e-011
0.0771	-1.28456e-011
0.0781	5.44396e-011
0.0791	1.88061e-011
0.0801	-1.19014e-011
0.0811	-1.16097e-011
0.0821	-1.13286e-011
0.0831	-1.10576e-011
0.0841	1.66364e-011
0.0851	-1.0544e-011
0.0861	-1.03005e-011
0.0871	-1.00653e-011
0.0881	-9.83812e-012
0.0891	-9.61853e-012
0.0901	4.09041e-011
0.0911	-9.20083e-012
0.0921	-9.00212e-012
0.0931	1.35754e-011
0.0941	3.75005e-011
0.0951	-8.44312e-012
0.0961	-8.26832e-012
0.0971	-8.09889e-012
0.0981	-7.93461e-012
0.0991	-7.77529e-012
0.1001	-7.62071e-012
0.1011	-7.4707e-012
0.1021	1.12875e-011
0.1031	-7.18367e-012
0.1041	3.06419e-011
0.1051	-6.91287e-012
0.1061	-6.78317e-012
0.1071	-6.65709e-012
0.1081	-6.5345e-012
0.1091	-6.41526e-012
0.1101	-6.29925e-012
0.1111	-6.18636e-012
0.1121	-6.07648e-012
0.1131	-5.96951e-012
0.1141	-5.86533e-012
0.1151	-5.76385e-012
0.1161	2.4635e-011
0.1171	2.4216e-011
0.1181	-5.47474e-012
0.1191	8.29519e-012
0.1201	-5.29392e-012
0.1211	-5.20685e-012
0.1221	2.22733e-011
0.1231	2.19129e-011
0.1241	8.96281e-012
0.1251	-4.8792e-012
0.1261	-4.80212e-012
0.1271	-4.72686e-012
0.1281	-4.65334e-012
0.1291	7.05988e-012
0.1301	-4.51137e-012
0.1311	-4.44281e-012
0.1321	1.90288e-011
0.1331	-4.3103e-012
0.1341	6.54323e-012
0.1351	-4.18362e-012
0.1361	-4.12237e-012
0.1371	-4.06245e-012
0.1381	-4.00383e-012
0.1391	-3.94647e-012
0.1401	-3.89034e-012
0.1411	1.66787e-011
0.1421	1.64448e-011
0.1431	-3.72893e-012
0.1441	-1.40022e-011
0.1451	5.58875e-012
0.1461	5.51251e-012
0.1471	5.43782e-012
0.1481	-3.48139e-012
0.1491	-3.43485e-012
0.1501	5.22262e-012
0.1511	-3.34452e-012
0.1521	1.43535e-011
0.1531	1.41666e-011
0.1541	-3.21557e-012
0.1551	-3.17424e-012
0.1561	-3.1337e-012
0.1571	-3.09393e-012
0.1581	-3.05492e-012
0.1591	4.64846e-012
0.1601	-2.97907e-012
0.1611	-2.9422e-012
0.1621	-2.90601e-012
0.1631	-2.87048e-012
0.1641	5.1259e-012
0.1651	5.064e-012
0.1661	-2.76773e-012
0.1671	4.21402e-012
0.1681	-1.02894e-011
0.1691	-2.6704e-012
0.1701	-1.00488e-011
0.1711	-2.60833e-012
0.1721	3.97272e-012
0.1731	-2.54841e-012
0.1741	3.88197e-012
0.1751	1.08304e-011
0.1761	-2.46232e-012
0.1771	-2.43459e-012
0.1781	-2.40733e-012
0.1791	1.0352e-011
0.1801	1.02374e-011
0.1811	1.01246e-011
0.1821	-2.30273e-012
0.1831	3.50972e-012
0.1841	-2.25297e-012
0.1851	-2.22869e-012
0.1861	-2.20481e-012
0.1871	-2.1813e-012
0.1881	-2.15817e-012
0.1891	-2.1354e-012
0.1901	3.25601e-012
0.1911	-2.09094e-012
0.1921	-2.06923e-012
0.1931	-2.04785e-012
0.1941	-2.0268e-012
0.1951	8.72371e-012
0.1961	-1.98567e-012
0.1971	-1.96558e-012
0.1981	8.46149e-012
0.1991	-1.92628e-012
0.2001	-1.90708e-012
0.2101	2.66562e-012
0.2201	-1.57624e-012
0.2301	-1.44221e-012
0.2401	-1.32458e-012
0.2501	-1.22078e-012
0.2601	1.73928e-012
0.2701	-1.04668e-012
0.2801	-9.73278e-013
0.2901	-3.45485e-012
0.3001	1.30653e-012
0.3101	-7.94072e-013
0.3201	-7.45233e-013
0.3301	1.4537e-012
0.3401	3.95606e-013
0.3501	4.37019e-012
0.3601	-6.74056e-012
0.3701	1.00041e-011
0.3801	1.68263e-012
0.3901	2.55596e-011
0.4001	9.03121e-012
0.4101	8.0735e-011
0.4201	9.86948e-011
0.4301	4.14159e-011
0.4401	3.84135e-011
0.4501	1.07948e-010
0.4601	3.85366e-010
0.4701	4.23707e-010
0.4801	7.4388e-010
0.4901	1.35203e-009
0.5001	1.64708e-009
0.5101	2.37308e-009
0.5201	3.5911e-009
0.5301	5.37036e-009
0.5401	1.29079e-008
0.5501	2.99163e-008
0.5601	9.07451e-006
0.5701	4.95775e-008
0.5801	2.91631e-006
0.5901	1.10379e-007
0.6001	1.6753e-006
0.6101	6.09742e-007
0.6201	3.81783e-007
0.6301	4.78398e-007
0.6401	2.11777e-007
0.6501	6.62793e-006
0.6601	2.13916e-007
0.6701	1.56949e-005
0.6801	3.31209e-006
0.6901	2.30331e-005
0.7001	1.27826e-005
0.7101	8.23669e-006
0.7201	3.50562e-005
0.7301	1.22562e-005
0.7401	1.44016e-005
0.7501	2.08097e-005
0.7601	2.03494e-005
0.7701	2.08026e-005
0.7801	3.29184e-005
0.7901	4.83078e-005
0.8001	8.54646e-005
0.8101	7.15414e-005
0.8201	6.11233e-005
0.8301	5.5722e-005
0.8401	0.000104725
0.8501	0.000124632
0.8601	0.000107902
0.8701	0.000111393
0.8801	0.000145802
0.8901	0.000207142
0.9001	0.000141178
0.9101	0.00018479
0.9201	0.000261844
0.9301	0.000287005
0.9401	0.000268807
0.9501	0.000333758
0.9601	0.000343429
0.9701	0.000377281
0.9801	0.0004274
0.9901	0.000394774
1.0001	0.000458599
1.0101	0.000580746
1.0201	0.000579078
1.0301	0.000684444
1.0401	0.000767152
1.0501	0.000802333
1.0601	0.000904716
1.0701	0.000909871
1.0801	0.000991699
1.0901	0.00108505
1.1001	0.00116851
1.2001	0.00225802
1.3001	0.00383048
1.4001	0.0057498
1.5001	0.0085286
1.6001	0.0118086
1.7001	0.0154058
1.8001	0.019537
1.9001	0.0240172
2.0001	0.0289297
2.1001	0.0338248
2.2001	0.0388012
2.3001	0.0440898
2.4001	0.0491128
2.5001	0.0544187
2.6001	0.0591186
2.7001	0.0641191
2.8001	0.0682334
2.9001	0.0727229
3.0001	0.0765361
3.1001	0.0804294
3.2001	0.0842553
3.3001	0.0873509
3.4001	0.0905273
3.5001	0.0933368
3.6001	0.0960819
3.7001	0.0984711
3.8001	0.0999761
3.9001	0.102332
4.0001	0.104007
4.1001	0.105099
4.2001	0.106744
4.3001	0.108014
4.4001	0.10843
4.5001	0.108391
4.6001	0.109276
4.7001	0.110093
4.8001	0.110646
4.9001	0.110541
5.0001	0.110626
5.1001	0.111208
5.2001	0.110911
5.3001	0.110533
5.4001	0.110627
5.5001	0.109911
5.6001	0.108915
5.7001	0.109003
5.8001	0.107987
5.9001	0.107529
6.0001	0.107316
6.1001	0.105966
6.2001	0.105373
6.3001	0.104864
6.4001	0.104409
6.5001	0.103239
6.6001	0.102049
6.7001	0.101233
6.8001	0.100724
6.9001	0.0997227
7.00009	0.0987395
7.10009	0.0977314
7.20009	0.0969644
7.30009	0.095656
7.40009	0.094936
7.50009	0.0941402
7.60009	0.0923303
7.70009	0.0917693
7.80009	0.0906469
7.90009	0.0895783
8.00009	0.0891542
8.10009	0.087964
8.20009	0.0870808
8.3001	0.0858587
8.4001	0.0851709
8.5001	0.0841721
8.6001	0.083536
8.7001	0.0826017
8.8001	0.081077
8.9001	0.0806057
9.0001	0.0795059
9.1001	0.0788574
9.2001	0.0778082
9.3001	0.0770906
9.4001	0.0761186
9.5001	0.0753155
9.6001	0.0742505
9.7001	0.0734533
9.8001	0.0730429
9.9001	0.0718284
10.0001	0.071
