0.0001	0
0.0011	0
0.0021	0
0.0031	0
0.0041	0
0.0051	0
0.0061	0
0.0071	0
0.0081	0
0.0091	0
0.0101	0
0.0111	0
0.0121	0
0.0131	0
0.0141	0
0.0151	0
0.0161	0
0.0171	0
0.0181	0
0.0191	0
0.0201	0
0.0211	0
0.0221	0
0.0231	0
0.0241	0
0.0251	0
0.0261	0
0.0271	0
0.0281	0
0.0291	0
0.0301	0
0.0311	1.36709e-43
0.0321	1.98675e-42
0.0331	3.24975e-41
0.0341	4.38879e-40
0.0351	5.0368e-39
0.0361	5.07907e-38
0.0371	4.51537e-37
0.0381	3.57668e-36
0.0391	2.54696e-35
0.0401	1.51183e-34
0.0411	8.8469e-34
0.0421	4.78742e-33
0.0431	2.39364e-32
0.0441	1.11205e-31
0.0451	4.82334e-31
0.0461	1.96222e-30
0.0471	7.51742e-30
0.0481	2.72227e-29
0.0491	9.35131e-29
0.0501	3.05643e-28
0.0511	9.53408e-28
0.0521	2.8457e-27
0.0531	8.14831e-27
0.0541	2.24342e-26
0.0551	5.9515e-26
0.0561	1.52443e-25
0.0571	3.77703e-25
0.0581	9.06742e-25
0.0591	2.11269e-24
0.0601	4.78424e-24
0.0691	2.55813e-21
0.0701	4.64865e-21
0.0711	8.30529e-21
0.0721	1.45986e-20
0.0731	2.52624e-20
0.0741	4.30657e-20
0.0751	7.23702e-20
0.0761	1.19946e-19
0.0771	1.96161e-19
0.0781	3.1675e-19
0.0791	5.05256e-19
0.0801	7.96402e-19
0.0811	1.24114e-18
0.0821	1.91323e-18
0.0831	2.91831e-18
0.0841	4.40613e-18
0.0851	6.58773e-18
0.0861	9.75614e-18
0.0871	1.43166e-17
0.0881	2.08249e-17
0.0891	3.00338e-17
0.0901	4.29578e-17
0.0911	6.09581e-17
0.0921	8.58337e-17
0.0931	1.19957e-16
0.0941	1.6645e-16
0.0951	2.29341e-16
0.0961	3.13864e-16
0.0971	4.26724e-16
0.0981	5.76486e-16
0.0991	7.74023e-16
0.1001	1.03298e-15
0.1011	1.37069e-15
0.1021	1.80853e-15
0.1031	2.37325e-15
0.1041	3.0977e-15
0.1051	4.02257e-15
0.1061	5.19728e-15
0.1071	6.68289e-15
0.1081	8.55214e-15
0.1091	1.08938e-14
0.1101	1.38147e-14
0.1111	1.74428e-14
0.1121	2.19303e-14
0.1131	2.74595e-14
0.1141	3.42428e-14
0.1151	4.25373e-14
0.1161	5.26374e-14
0.1171	6.4898e-14
0.1181	7.97229e-14
0.1191	9.75897e-14
0.1201	1.19055e-13
0.1211	1.44748e-13
0.1221	1.75418e-13
0.1231	2.11905e-13
0.1241	2.55185e-13
0.1251	3.06385e-13
0.1261	3.66746e-13
0.1271	4.37745e-13
0.1281	5.21009e-13
0.1291	6.18453e-13
0.1301	7.32066e-13
0.1311	8.64294e-13
0.1321	1.88805e-08
0.1331	1.19562e-12
0.1341	3.83028e-08
0.1351	1.53524e-08
0.1361	1.90996e-12
0.1371	2.22232e-12
0.1381	2.67827e-09
0.1391	2.02868e-08
0.1401	3.45453e-12
0.1411	2.56934e-08
0.1421	1.48344e-08
0.1431	2.42633e-08
0.1441	5.54511e-09
0.1451	2.18128e-09
0.1461	1.25891e-08
0.1471	9.00106e-12
0.1481	1.40367e-08
0.1491	3.49313e-08
0.1501	2.86516e-08
0.1511	6.23927e-09
0.1521	5.07455e-08
0.1531	2.32638e-08
0.1541	2.57746e-08
0.1551	2.64017e-08
0.1561	5.79134e-08
0.1571	8.86903e-08
0.1581	6.62e-08
0.1591	2.49118e-08
0.1601	1.44086e-07
0.1611	1.43026e-07
0.1621	1.15719e-07
0.1631	1.75561e-07
0.1641	1.36836e-07
0.1651	1.04925e-07
0.1661	1.99174e-07
0.1671	1.97781e-07
0.1681	1.43925e-07
0.1691	2.47036e-07
0.1701	1.82674e-07
0.1711	1.76555e-07
0.1721	2.11765e-07
0.1731	3.11364e-07
0.1741	2.88843e-07
0.1751	3.34956e-07
0.1761	3.78587e-07
0.1771	3.17503e-07
0.1781	4.58363e-07
0.1791	5.31671e-07
0.1801	5.58138e-07
0.1811	5.42151e-07
0.1821	6.72966e-07
0.1831	6.2682e-07
0.1841	6.84622e-07
0.1851	7.12996e-07
0.1861	7.7412e-07
0.1871	1.07566e-06
0.1881	1.07472e-06
0.1891	1.01947e-06
0.1901	1.03832e-06
0.1911	1.36655e-06
0.1921	1.39703e-06
0.1931	1.36637e-06
0.1941	1.2527e-06
0.1951	1.47513e-06
0.1961	1.94089e-06
0.1971	1.79743e-06
0.1981	2.40757e-06
0.1991	2.69737e-06
0.2001	2.34152e-06
0.2101	4.65865e-06
0.2201	8.54758e-06
0.2301	1.46034e-05
0.2401	2.31881e-05
0.2501	3.71475e-05
0.2601	5.43431e-05
0.2701	7.81763e-05
0.2801	0.000109384
0.2901	0.00014508
0.3001	0.000187712
0.3101	0.000233501
0.3201	0.000282725
0.3301	0.000335555
0.3401	0.000390931
0.3501	0.000453428
0.3601	0.000522229
0.3701	0.000602633
0.3801	0.000697023
0.3901	0.000801561
0.4001	0.000927753
0.4101	0.00107629
0.4201	0.0012389
0.4301	0.0014242
0.4401	0.00162999
0.4501	0.00186179
0.4601	0.00211444
0.4701	0.00241019
0.4801	0.00269778
0.4901	0.00306238
0.5001	0.00346452
0.5101	0.00391417
0.5201	0.00438165
0.5301	0.00491918
0.5401	0.00554019
0.5501	0.00618724
0.5601	0.00692774
0.5701	0.00783477
0.5801	0.00877231
0.5901	0.0100352
0.6001	0.0112828
0.6101	0.0129287
0.6201	0.0149534
0.6301	0.0173946
0.6401	0.0209675
0.6501	0.026489
0.6601	0.047451
0.6701	0.0758817
0.6801	0.0811217
0.6901	0.0842867
0.7001	0.0864926
0.7101	0.0875143
0.7201	0.0889437
0.7301	0.0916052
0.7401	0.0913046
0.7501	0.0927439
0.7601	0.0924719
0.7701	0.0941682
0.7801	0.0938388
0.7901	0.0945917
0.8001	0.09467
0.8101	0.0950234
0.8201	0.0954225
0.8301	0.0958241
0.8401	0.0964993
0.8501	0.0960345
0.8601	0.0967843
0.8701	0.0966156
0.8801	0.0961031
0.8901	0.096559
0.9001	0.0964958
0.9101	0.0977139
0.9201	0.0970096
0.9301	0.096641
0.9401	0.0978648
0.9501	0.0974328
0.9601	0.097373
0.9701	0.097565
0.9801	0.0974463
0.9901	0.0969586
1.0001	0.0967953
1.0101	0.0977012
1.0201	0.0974416
1.0301	0.097684
1.0401	0.0973149
1.0501	0.0975288
1.0601	0.0972476
1.0701	0.0965073
1.0801	0.0965963
1.0901	0.0975004
1.1001	0.0960226
1.2001	0.096069
1.3001	0.0956574
1.4001	0.0946087
1.5001	0.0928308
1.6001	0.0922793
1.7001	0.0904905
1.8001	0.0885208
1.9001	0.0865522
2.0001	0.0858388
2.1001	0.084848
2.2001	0.082951
2.3001	0.081816
2.4001	0.0797093
2.5001	0.0784488
2.6001	0.0769992
2.7001	0.0758072
2.8001	0.0738775
2.9001	0.0729649
3.0001	0.0722211
3.1001	0.0703596
3.2001	0.0690504
3.3001	0.0675705
3.4001	0.0666815
3.5001	0.0659044
3.6001	0.0641712
3.7001	0.0637381
3.8001	0.0621436
3.9001	0.0613818
4.0001	0.0597133
4.1001	0.0592512
4.2001	0.0575838
4.3001	0.057135
4.4001	0.0562776
4.5001	0.0548473
4.6001	0.0541029
4.7001	0.0539505
4.8001	0.0523693
4.9001	0.0513378
5.0001	0.0508889
5.1001	0.049522
5.2001	0.0485948
5.3001	0.0480913
5.4001	0.0474359
5.5001	0.0466154
5.6001	0.0460137
5.7001	0.0450735
5.8001	0.0441581
5.9001	0.0436296
6.0001	0.0429154
6.1001	0.0421321
6.2001	0.0415586
6.3001	0.0413275
6.4001	0.0403337
6.5001	0.0398438
6.6001	0.0391741
6.7001	0.0385946
6.8001	0.0381865
6.90009	0.0378399
7.00009	0.037089
7.10009	0.0370427
7.20009	0.035988
7.30009	0.0355201
7.40009	0.0350519
7.50009	0.0344176
7.60009	0.0339294
7.70009	0.0337143
7.80009	0.0332955
7.90009	0.0325096
8.00009	0.0325376
8.10009	0.0319107
8.2001	0.0313075
8.3001	0.0311177
8.4001	0.0305915
8.5001	0.0302328
8.6001	0.0299255
8.7001	0.0294919
8.8001	0.0289916
8.9001	0.0286771
9.0001	0.0283271
9.1001	0.0281469
9.2001	0.0277143
9.3001	0.0272287
9.4001	0.0271501
9.5001	0.0268175
9.6001	0.0264824
9.7001	0.0262395
9.8001	0.0257266
9.9001	0.0255656
10.0001	0.0253671
