0.0001	-18279.1
0.0011	-18279.4
0.0021	-18279.4
0.0031	-18279.4
0.0041	-18279.4
0.0051	-18279.4
0.0061	-18279.4
0.0071	-18279.4
0.0081	-18279.4
0.0091	-18279.4
0.0101	-18279.4
0.0111	-18279.4
0.0121	-18279.4
0.0131	-18279.4
0.0141	-18279.4
0.0151	-18279.4
0.0161	-18279.4
0.0171	-18279.4
0.0181	-18279.4
0.0191	-18279.4
0.0201	-18279.4
0.0211	-18279.4
0.0221	-18279.4
0.0231	-18279.4
0.0241	-18279.4
0.0251	-18279.4
0.0261	-18279.4
0.0271	-18279.4
0.0281	-18279.4
0.0291	-18279.4
0.0301	-18279.4
0.0311	-18279.4
0.0321	-18279.4
0.0331	-18279.4
0.0341	-18279.4
0.0351	-18279.4
0.0361	-18279.4
0.0371	-18279.4
0.0381	-18279.4
0.0391	-18279.4
0.0401	-18279.4
0.0411	-18279.4
0.0421	-18279.4
0.0431	-18279.4
0.0441	-18279.4
0.0451	-18279.4
0.0461	-18279.4
0.0471	-18279.4
0.0481	-18279.4
0.0491	-18279.4
0.0501	-18279.4
0.0511	-18279.4
0.0521	-18279.4
0.0531	-18279.4
0.0541	-18279.4
0.0551	-18279.4
0.0561	-18279.4
0.0571	-18279.4
0.0581	-18279.4
0.0591	-18279.4
0.0601	-18279.4
0.0611	-18279.4
0.0621	-18279.4
0.0631	-18279.4
0.0641	-18279.4
0.0651	-18279.4
0.0661	-18279.4
0.0671	-18279.4
0.0681	-18279.4
0.0691	-18279.4
0.0701	-18279.4
0.0711	-18279.4
0.0721	-18279.4
0.0731	-18279.4
0.0741	-18279.4
0.0751	-18279.4
0.0761	-18279.4
0.0771	-18279.4
0.0781	-18279.4
0.0791	-18279.4
0.0801	-18279.4
0.0811	-18279.4
0.0821	-18279.4
0.0831	-18279.4
0.0841	-18279.4
0.0851	-18279.4
0.0861	-18279.4
0.0871	-18279.4
0.0881	-18279.4
0.0891	-18279.4
0.0901	-18279.4
0.0911	-18279.4
0.0921	-18279.4
0.0931	-18279.4
0.0941	-18279.4
0.0951	-18279.4
0.0961	-18279.4
0.0971	-18279.4
0.0981	-18279.4
0.0991	-18279.4
0.1001	-18279.4
0.1011	-18279.4
0.1021	-18279.4
0.1031	-18279.4
0.1041	-18279.4
0.1051	-18279.4
0.1061	-18279.4
0.1071	-18279.4
0.1081	-18279.4
0.1091	-18279.4
0.1101	-18279.4
0.1111	-18279.4
0.1121	-18279.4
0.1131	-18279.4
0.1141	-18279.3
0.1151	-18279.3
0.1161	-18279.4
0.1171	-18279.3
0.1181	-18279.3
0.1191	-18279.3
0.1201	-18279.3
0.1211	-18279.3
0.1221	-18279.3
0.1231	-18279.3
0.1241	-18279.3
0.1251	-18279.3
0.1261	-18279.3
0.1271	-18279.2
0.1281	-18279.2
0.1291	-18279.3
0.1301	-18279.2
0.1311	-18279.2
0.1321	-18279.2
0.1331	-18279.2
0.1341	-18279.1
0.1351	-18279.2
0.1361	-18279.2
0.1371	-18279.1
0.1381	-18279.1
0.1391	-18279.1
0.1401	-18279.1
0.1411	-18279.1
0.1421	-18279.1
0.1431	-18279.1
0.1441	-18279
0.1451	-18279
0.1461	-18279
0.1471	-18279
0.1481	-18279
0.1491	-18279
0.1501	-18278.9
0.1511	-18278.9
0.1521	-18278.9
0.1531	-18278.9
0.1541	-18278.9
0.1551	-18278.8
0.1561	-18278.8
0.1571	-18278.8
0.1581	-18278.8
0.1591	-18278.8
0.1601	-18278.7
0.1611	-18278.8
0.1621	-18278.7
0.1631	-18278.7
0.1641	-18278.7
0.1651	-18278.6
0.1661	-18278.6
0.1671	-18278.6
0.1681	-18278.6
0.1691	-18278.6
0.1701	-18278.6
0.1711	-18278.5
0.1721	-18278.5
0.1731	-18278.5
0.1741	-18278.5
0.1751	-18278.4
0.1761	-18278.4
0.1771	-18278.4
0.1781	-18278.4
0.1791	-18278.3
0.1801	-18278.3
0.1811	-18278.3
0.1821	-18278.3
0.1831	-18278.3
0.1841	-18278.2
0.1851	-18278.2
0.1861	-18278.2
0.1871	-18278.2
0.1881	-18278.2
0.1891	-18278.2
0.1901	-18278.1
0.1911	-18278.1
0.1921	-18278.1
0.1931	-18278
0.1941	-18278
0.1951	-18278
0.1961	-18278
0.1971	-18278
0.1981	-18277.9
0.1991	-18277.9
0.2001	-18277.9
0.2101	-18277.7
0.2201	-18277.4
0.2301	-18277.2
0.2401	-18276.9
0.2501	-18276.6
0.2601	-18276.3
0.2701	-18276
0.2801	-18275.5
0.2901	-18275.1
0.3001	-18274.6
0.3101	-18273.9
0.3201	-18273.2
0.3301	-18272.3
0.3401	-18271.2
0.3501	-18270
0.3601	-18268.5
0.3701	-18266.8
0.3801	-18264.8
0.3901	-18262.5
0.4001	-18259.8
0.4101	-18256.6
0.4201	-18253
0.4301	-18248.9
0.4401	-18244.2
0.4501	-18238.7
0.4601	-18232.7
0.4701	-18225.8
0.4801	-18218
0.4901	-18209.3
0.5001	-18199.3
0.5101	-18188.2
0.5201	-18175.8
0.5301	-18161.8
0.5401	-18145.8
0.5501	-18128.1
0.5601	-18108
0.5701	-18085.1
0.5801	-18058.9
0.5901	-18028.8
0.6001	-17994.1
0.6101	-17953.3
0.6201	-17904.6
0.6301	-17841.2
0.6401	-17754.9
0.6501	-17622.3
0.6601	-17373.5
0.6701	-17185.1
0.6801	-17088.3
0.6901	-17020.3
0.7001	-16963.4
0.7101	-16914.7
0.7201	-16870.6
0.7301	-16832.1
0.7401	-16795.5
0.7501	-16761.8
0.7601	-16729.8
0.7701	-16701
0.7801	-16673.1
0.7901	-16646.7
0.8001	-16621.9
0.8101	-16598.3
0.8201	-16574.9
0.8301	-16553.1
0.8401	-16531.6
0.8501	-16511.3
0.8601	-16491.5
0.8701	-16472.5
0.8801	-16454.1
0.8901	-16436.2
0.9001	-16418.8
0.9101	-16401.5
0.9201	-16385.2
0.9301	-16369.3
0.9401	-16353.4
0.9501	-16338.1
0.9601	-16323.5
0.9701	-16308.8
0.9801	-16294.5
0.9901	-16280.4
1.0001	-16266.8
1.0101	-16253.4
1.0201	-16240.2
1.0301	-16227.2
1.0401	-16214.9
1.0501	-16202.2
1.0601	-16190
1.0701	-16178.2
1.0801	-16166.4
1.0901	-16154.6
1.1001	-16143.4
1.2001	-16039.2
1.3001	-15948.6
1.4001	-15867.9
1.5001	-15795.5
1.6001	-15729.9
1.7001	-15668.4
1.8001	-15610.7
1.9001	-15555.5
2.0001	-15502.2
2.1001	-15449.9
2.2001	-15397.8
2.3001	-15345.7
2.4001	-15292.7
2.5001	-15238.9
2.6001	-15183.6
2.7001	-15127
2.8001	-15068.6
2.9001	-15008.5
3.0001	-14946
3.1001	-14881.9
3.2001	-14815.8
3.3001	-14747.2
3.4001	-14676.8
3.5001	-14604.1
3.6001	-14530
3.7001	-14454.5
3.8001	-14374.9
3.9001	-14295.5
4.0001	-14214.3
4.1001	-14132.1
4.2001	-14047.8
4.3001	-13962.6
4.4001	-13875.9
4.5001	-13788.6
4.6001	-13699.3
4.7001	-13609.8
4.8001	-13520.7
4.9001	-13429.8
5.0001	-13337.4
5.1001	-13245
5.2001	-13153
5.3001	-13060.5
5.4001	-12967.4
5.5001	-12874.4
5.6001	-12782
5.7001	-12689.4
5.8001	-12595.2
5.9001	-12502.1
6.0001	-12409.8
6.1001	-12316.9
6.2001	-12225.8
6.3001	-12134.3
6.4001	-12043.1
6.5001	-11951.6
6.6001	-11862
6.7001	-11771.6
6.8001	-11682.9
6.90009	-11592.9
7.00009	-11505
7.10009	-11417.9
7.20009	-11331.6
7.30009	-11244.1
7.40009	-11160.2
7.50009	-11074.8
7.60009	-10988.5
7.70009	-10906.5
7.80009	-10822.8
7.90009	-10742.3
8.00009	-10659.8
8.10009	-10580.1
8.2001	-10500.9
8.3001	-10421.9
8.4001	-10344.4
8.5001	-10266.3
8.6001	-10190.4
8.7001	-10114.5
8.8001	-10039
8.9001	-9963.72
9.0001	-9891.36
9.1001	-9820.73
9.2001	-9747.44
9.3001	-9675.09
9.4001	-9606.91
9.5001	-9535.21
9.6001	-9468.35
9.7001	-9400
9.8001	-9333.05
9.9001	-9267.2
10.0001	-9201
