0.0001	0
0.0011	0
0.0021	0
0.0031	0
0.0041	0
0.0051	0
0.0061	0
0.0071	0
0.0081	0
0.0091	0
0.0101	0
0.0111	0
0.0121	0
0.0131	0
0.0141	0
0.0151	0
0.0161	0
0.0171	0
0.0181	0
0.0191	0
0.0201	0
0.0211	0
0.0221	0
0.0231	1.65648e-44
0.0241	1.14318e-42
0.0251	3.38285e-41
0.0261	9.5725e-40
0.0271	2.03399e-38
0.0281	2.35576e-37
0.0291	9.99755e-37
0.0301	1.20678e-35
0.0311	1.21711e-34
0.0321	1.06131e-33
0.0331	8.10831e-33
0.0341	5.49257e-32
0.0351	3.33755e-31
0.0361	1.8317e-30
0.0371	9.1722e-30
0.0381	4.21655e-29
0.0391	1.79243e-28
0.0401	7.08199e-28
0.0411	2.61581e-27
0.0421	9.07443e-27
0.0431	2.9732e-26
0.0441	9.21724e-26
0.0451	2.71777e-25
0.0461	7.64021e-25
0.0471	2.05456e-24
0.0481	5.30515e-24
0.0491	1.31709e-23
0.0501	3.15412e-23
0.0511	7.28682e-23
0.0521	1.63156e-22
0.0531	3.54444e-22
0.0541	7.46911e-22
0.0551	1.53413e-21
0.0561	3.06776e-21
0.0571	5.99069e-21
0.0581	1.14238e-20
0.0591	2.12956e-20
0.0601	3.89274e-20
0.0611	6.97413e-20
0.0621	1.22589e-19
0.0631	2.11724e-19
0.0641	3.58949e-19
0.0651	5.99631e-19
0.0661	9.84717e-19
0.0671	1.59531e-18
0.0681	2.54915e-18
0.0691	4.01472e-18
0.0701	6.25424e-18
0.0711	9.68216e-18
0.0721	1.45823e-17
0.0731	2.17906e-17
0.0741	3.24535e-17
0.0751	4.74837e-17
0.0761	6.90495e-17
0.0771	9.9461e-17
0.0781	1.41735e-16
0.0791	2.00892e-16
0.0801	2.83026e-16
0.0811	3.90941e-16
0.0821	5.37338e-16
0.0831	7.38117e-16
0.0841	9.99183e-16
0.0851	1.35113e-15
0.0861	1.809e-15
0.0871	2.41708e-15
0.0881	3.18501e-15
0.0891	4.17867e-15
0.0901	5.44945e-15
0.0911	7.07639e-15
0.0921	9.16289e-15
0.0931	1.17357e-14
0.0941	1.49204e-14
0.0951	1.92244e-14
0.0961	2.41903e-14
0.0971	3.05767e-14
0.0981	3.7937e-14
0.0991	4.78817e-14
0.1001	5.92826e-14
0.1011	7.35238e-14
0.1021	9.03731e-14
0.1031	1.10969e-13
0.1041	1.35943e-13
0.1051	1.66328e-13
0.1061	2.00725e-13
0.1071	2.43789e-13
0.1081	2.98471e-13
0.1091	3.53928e-13
0.1101	4.22791e-13
0.1111	5.06333e-13
0.1121	6.01818e-13
0.1131	7.14085e-13
0.1141	8.53103e-13
0.1151	1.00856e-12
0.1161	1.17363e-12
0.1171	4.52552e-09
0.1181	1.62335e-12
0.1191	1.91509e-12
0.1201	2.22957e-12
0.1211	2.60228e-12
0.1221	3.02485e-12
0.1231	3.50299e-12
0.1241	5.41903e-09
0.1251	4.67125e-12
0.1261	5.06654e-09
0.1271	1.55179e-08
0.1281	3.66308e-08
0.1291	8.02708e-12
0.1301	2.56167e-08
0.1311	1.87375e-08
0.1321	1.45731e-08
0.1331	2.47135e-09
0.1341	3.78375e-08
0.1351	6.54818e-08
0.1361	6.52484e-09
0.1371	8.9051e-08
0.1381	2.55525e-08
0.1391	4.75202e-08
0.1401	1.86007e-07
0.1411	7.47483e-08
0.1421	4.00768e-11
0.1431	2.5947e-08
0.1441	4.28716e-08
0.1451	1.47686e-07
0.1461	1.0333e-07
0.1471	9.07196e-08
0.1481	1.56166e-07
0.1491	1.76134e-07
0.1501	1.92107e-07
0.1511	1.2932e-07
0.1521	1.27803e-07
0.1531	2.35483e-08
0.1541	1.71366e-07
0.1551	3.15508e-07
0.1561	1.94834e-07
0.1571	3.12736e-07
0.1581	2.72228e-07
0.1591	2.48384e-07
0.1601	3.81749e-07
0.1611	3.6943e-07
0.1621	2.23828e-07
0.1631	4.00697e-07
0.1641	6.01742e-07
0.1651	6.09788e-07
0.1661	5.80852e-07
0.1671	4.03667e-07
0.1681	6.39792e-07
0.1691	5.95516e-07
0.1701	7.83146e-07
0.1711	7.7576e-07
0.1721	8.60612e-07
0.1731	1.05329e-06
0.1741	1.1045e-06
0.1751	1.42793e-06
0.1761	9.88352e-07
0.1771	1.37941e-06
0.1781	1.34486e-06
0.1791	1.45581e-06
0.1801	1.66623e-06
0.1811	1.71108e-06
0.1821	1.853e-06
0.1831	1.68491e-06
0.1841	2.14522e-06
0.1851	2.31699e-06
0.1861	3.01625e-06
0.1871	2.36548e-06
0.1881	2.94499e-06
0.1891	2.84968e-06
0.1901	3.15531e-06
0.1911	3.29947e-06
0.1921	3.5336e-06
0.1931	4.01721e-06
0.1941	3.79733e-06
0.1951	4.81299e-06
0.1961	4.47771e-06
0.1971	4.26458e-06
0.1981	5.08835e-06
0.1991	5.86311e-06
0.2001	5.85724e-06
0.2101	1.00628e-05
0.2201	1.81952e-05
0.2301	2.88323e-05
0.2401	4.08052e-05
0.2501	6.39693e-05
0.2601	9.06605e-05
0.2701	0.000125226
0.2801	0.000168409
0.2901	0.000220797
0.3001	0.00027467
0.3101	0.000340531
0.3201	0.000406261
0.3301	0.000481151
0.3401	0.000561027
0.3501	0.000642489
0.3601	0.00072991
0.3701	0.000839679
0.3801	0.000957159
0.3901	0.00109342
0.4001	0.00124016
0.4101	0.00143062
0.4201	0.00162602
0.4301	0.00187007
0.4401	0.00212525
0.4501	0.00243886
0.4601	0.00275627
0.4701	0.00312094
0.4801	0.00353041
0.4901	0.00402036
0.5001	0.00452924
0.5101	0.00512062
0.5201	0.00571312
0.5301	0.00647011
0.5401	0.00728645
0.5501	0.00818546
0.5601	0.00922832
0.5701	0.0104535
0.5801	0.01198
0.5901	0.0134808
0.6001	0.0155284
0.6101	0.0177608
0.6201	0.0207454
0.6301	0.0247987
0.6401	0.0306896
0.6501	0.0403092
0.6601	0.0609464
0.6701	0.074959
0.6801	0.0813456
0.6901	0.0838304
0.7001	0.0858187
0.7101	0.0879482
0.7201	0.0897379
0.7301	0.0912379
0.7401	0.0917571
0.7501	0.0928398
0.7601	0.0933891
0.7701	0.0923702
0.7801	0.0941272
0.7901	0.0938602
0.8001	0.0946623
0.8101	0.0951521
0.8201	0.095764
0.8301	0.0963155
0.8401	0.0957246
0.8501	0.0966369
0.8601	0.0972392
0.8701	0.0967061
0.8801	0.0965324
0.8901	0.0966502
0.9001	0.0973432
0.9101	0.096646
0.9201	0.0972159
0.9301	0.097544
0.9401	0.0977361
0.9501	0.0966269
0.9601	0.0972011
0.9701	0.0971643
0.9801	0.0975163
0.9901	0.0967181
1.0001	0.0986014
1.0101	0.0975908
1.0201	0.0970284
1.0301	0.0966223
1.0401	0.0972809
1.0501	0.0974961
1.0601	0.097304
1.0701	0.096839
1.0801	0.0974628
1.0901	0.09692
1.1001	0.0971468
1.2001	0.0961093
1.3001	0.095546
1.4001	0.0938957
1.5001	0.0929797
1.6001	0.0919567
1.7001	0.0898382
1.8001	0.0883025
1.9001	0.0877125
2.0001	0.0859103
2.1001	0.0846412
2.2001	0.0832549
2.3001	0.0814681
2.4001	0.079255
2.5001	0.0784802
2.6001	0.0771426
2.7001	0.0756828
2.8001	0.0748724
2.9001	0.0729788
3.0001	0.0722199
3.1001	0.0701869
3.2001	0.0698825
3.3001	0.0676083
3.4001	0.0666429
3.5001	0.0655944
3.6001	0.0635761
3.7001	0.0641901
3.8001	0.0625678
3.9001	0.0613841
4.0001	0.0602862
4.1001	0.0592976
4.2001	0.0579436
4.3001	0.057266
4.4001	0.0559511
4.5001	0.0548114
4.6001	0.053656
4.7001	0.0530322
4.8001	0.0523817
4.9001	0.051961
5.0001	0.0503264
5.1001	0.0496234
5.2001	0.0487658
5.3001	0.0481115
5.4001	0.0474526
5.5001	0.0469638
5.6001	0.0462072
5.7001	0.0450992
5.8001	0.0444052
5.9001	0.0434983
6.0001	0.0429565
6.1001	0.042424
6.2001	0.0417015
6.3001	0.0412823
6.4001	0.0403246
6.5001	0.0402184
6.6001	0.0393822
6.7001	0.0390889
6.8001	0.038145
6.90009	0.0379058
7.00009	0.0371855
7.10009	0.0367115
7.20009	0.0360784
7.30009	0.0354997
7.40009	0.0348333
7.50009	0.0346195
7.60009	0.033837
7.70009	0.0335546
7.80009	0.0332355
7.90009	0.0322486
8.00009	0.0324186
8.10009	0.0318852
8.2001	0.0314483
8.3001	0.0311559
8.4001	0.0306476
8.5001	0.0302481
8.6001	0.0299261
8.7001	0.0294639
8.8001	0.0293997
8.9001	0.028968
9.0001	0.0281641
9.1001	0.0282396
9.2001	0.0275986
9.3001	0.0273492
9.4001	0.0271176
9.5001	0.0268889
9.6001	0.0262844
9.7001	0.0262034
9.8001	0.0256906
9.9001	0.025643
10.0001	0.0251572
