0.0011	4.18118e-08
0.0021	1.14722e-08
0.0031	5.26454e-09
0.0041	3.00965e-09
0.0051	1.94511e-09
0.0061	1.35964e-09
0.0071	1.00361e-09
0.0081	7.71105e-10
0.0091	6.10943e-10
0.0101	4.95953e-10
0.0111	4.10618e-10
0.0121	3.45552e-10
0.0131	2.94809e-10
0.0141	2.54475e-10
0.0151	2.21886e-10
0.0161	1.95178e-10
0.0171	1.73018e-10
0.0181	1.54428e-10
0.0191	1.38681e-10
0.0201	1.25225e-10
0.0211	1.13637e-10
0.0221	1.03586e-10
0.0231	9.48112e-11
0.0241	8.71063e-11
0.0251	8.03038e-11
0.0261	7.42681e-11
0.0271	6.88882e-11
0.0281	6.40724e-11
0.0291	5.97445e-11
0.0301	5.58407e-11
0.0311	5.23074e-11
0.0321	4.90991e-11
0.0331	4.61772e-11
0.0341	4.35086e-11
0.0351	4.10648e-11
0.0361	3.88212e-11
0.0371	3.67567e-11
0.0381	3.48525e-11
0.0391	3.30926e-11
0.0401	3.14626e-11
0.0411	2.99502e-11
0.0421	2.85443e-11
0.0431	2.72351e-11
0.0441	2.6014e-11
0.0451	2.48732e-11
0.0461	2.38058e-11
0.0471	2.28056e-11
0.0481	2.18672e-11
0.0491	2.09856e-11
0.0501	2.01562e-11
0.0511	1.9375e-11
0.0521	1.86384e-11
0.0531	1.7943e-11
0.0541	1.72858e-11
0.0551	1.66641e-11
0.0561	1.60753e-11
0.0571	1.55172e-11
0.0581	1.49876e-11
0.0591	1.44847e-11
0.0601	1.40067e-11
0.0611	1.3552e-11
0.0621	1.3119e-11
0.0631	1.27065e-11
0.0641	1.23131e-11
0.0651	1.19377e-11
0.0661	1.15793e-11
0.0671	1.12367e-11
0.0681	1.09091e-11
0.0691	1.05957e-11
0.0701	1.02955e-11
0.0711	1.00079e-11
0.0721	9.73226e-12
0.0731	9.4678e-12
0.0741	9.21399e-12
0.0751	8.97024e-12
0.0761	8.73604e-12
0.0771	8.51089e-12
0.0781	-1.37956e-11
0.0791	8.08595e-12
0.0801	-1.31153e-11
0.0811	7.69205e-12
0.0821	7.50581e-12
0.0831	-1.33435e-11
0.0841	7.15306e-12
0.0851	-3.1329e-11
0.0861	6.8246e-12
0.0871	2.54837e-11
0.0881	2.49084e-11
0.0891	7.38015e-12
0.0901	-9.38041e-12
0.0911	4.14575e-11
0.0921	2.46775e-11
0.0931	-2.24855e-11
0.0941	1.02294e-11
0.0951	1.1784e-11
0.0961	-1.59077e-11
0.0971	1.72411e-11
0.0981	3.42165e-11
0.0991	-3.09981e-11
0.1001	-8.95332e-12
0.1011	3.93768e-11
0.1021	-2.89699e-11
0.1031	-3.94673e-11
0.1041	4.60405e-12
0.1051	5.35293e-11
0.1061	-1.55219e-11
0.1071	5.69595e-11
0.1081	-3.37822e-12
0.1091	-2.81332e-11
0.1101	2.33765e-11
0.1111	1.10427e-10
0.1121	2.40009e-10
0.1131	2.16483e-10
0.1141	1.61745e-10
0.1151	1.48014e-10
0.1161	2.41075e-10
0.1171	1.57028e-11
0.1181	2.4862e-10
0.1191	5.67644e-10
0.1201	9.0428e-10
0.1211	6.33856e-10
0.1221	9.34694e-10
0.1231	1.02866e-09
0.1241	1.11001e-09
0.1251	1.08586e-09
0.1261	1.2416e-09
0.1271	1.77712e-09
0.1281	1.27085e-09
0.1291	2.53297e-09
0.1301	2.07178e-09
0.1311	3.24569e-09
0.1321	3.94354e-09
0.1331	5.28431e-09
0.1341	5.37688e-09
0.1351	6.33353e-09
0.1361	7.67361e-09
0.1371	7.58658e-09
0.1381	8.60848e-09
0.1391	1.14557e-08
0.1401	1.24199e-08
0.1411	1.31451e-08
0.1421	1.76951e-08
0.1431	2.01431e-08
0.1441	1.95658e-08
0.1451	2.51543e-08
0.1461	2.58723e-08
0.1471	3.04901e-08
0.1481	3.638e-08
0.1491	3.86312e-08
0.1501	4.03795e-08
0.1511	2.53807e-05
0.1521	5.51057e-08
0.1531	6.12848e-08
0.1541	6.70103e-08
0.1551	7.60557e-08
0.1561	8.5533e-08
0.1571	9.96304e-08
0.1581	1.05826e-07
0.1591	1.22321e-07
0.1601	7.8016e-06
0.1611	1.52132e-07
0.1621	5.29737e-07
0.1631	1.22776e-06
0.1641	1.97679e-06
0.1651	2.78382e-06
0.1661	3.66221e-06
0.1671	4.60389e-06
0.1681	4.59525e-06
0.1691	3.41264e-06
0.1701	1.02682e-05
0.1711	2.60716e-05
0.1721	3.10347e-07
0.1731	-7.00263e-07
0.1741	-1.76854e-06
0.1751	-1.34892e-06
0.1761	7.05162e-05
0.1771	1.34006e-06
0.1781	1.29586e-06
0.1791	1.00928e-05
0.1801	2.71462e-05
0.1811	1.3632e-06
0.1821	1.60337e-05
0.1831	1.31376e-05
0.1841	1.13746e-05
0.1851	5.38752e-05
0.1861	4.10881e-05
0.1871	3.29427e-05
0.1881	3.0072e-05
0.1891	5.85692e-06
0.1901	2.24881e-05
0.1911	2.80352e-05
0.1921	5.01859e-05
0.1931	1.95511e-05
0.1941	2.28448e-05
0.1951	2.80666e-05
0.1961	2.9401e-06
0.1971	3.17539e-05
0.1981	4.25457e-05
0.1991	3.34575e-05
0.2001	1.64262e-05
0.2101	0.00012924
0.2201	0.000258637
0.2301	0.000387644
0.2401	0.000508095
0.2501	0.000791177
0.2601	0.00113778
0.2701	0.00182898
0.2801	0.00249859
0.2901	0.00304523
0.3001	0.00472017
0.3101	0.00584347
0.3201	0.00686578
0.3301	0.0093242
0.3401	0.0111115
0.3501	0.0137514
0.3601	0.016855
0.3701	0.0186595
0.3801	0.0242186
0.3901	0.0281747
0.4001	0.0335788
0.4101	0.039587
0.4201	0.0445931
0.4301	0.051824
0.4401	0.0599284
0.4501	0.0689268
0.4601	0.0787636
0.4701	0.0882159
0.4801	0.0996762
0.4901	0.110132
0.5001	0.127632
0.5101	0.141348
0.5201	0.158737
0.5301	0.181842
0.5401	0.201437
0.5501	0.229144
0.5601	0.262755
0.5701	0.292246
0.5801	0.337181
0.5901	0.388682
0.6001	0.444041
0.6101	0.488469
0.6201	0.557714
0.6301	0.625947
0.6401	0.736323
0.6501	0.819408
0.6601	0.90577
0.6701	0.968509
0.6801	1.0305
0.6901	1.0768
0.7001	1.11473
0.7101	1.10336
0.7201	1.08087
0.7301	1.0253
0.7401	0.968423
0.7501	0.905406
0.7601	0.84359
0.7701	0.765746
0.7801	0.720851
0.7901	0.66275
0.8001	0.596622
0.8101	0.538116
0.8201	0.509005
0.8301	0.45963
0.8401	0.427774
0.8501	0.398982
0.8601	0.367544
0.8701	0.346621
0.8801	0.324062
0.8901	0.31142
0.9001	0.295074
0.9101	0.280852
0.9201	0.267555
0.9301	0.255755
0.9401	0.247755
0.9501	0.238572
0.9601	0.229775
0.9701	0.222521
0.9801	0.215058
0.9901	0.208601
1.0001	0.200886
1.0101	0.197317
1.0201	0.192575
1.0301	0.187333
1.0401	0.183156
1.0501	0.178129
1.0601	0.173558
1.0701	0.171031
1.0801	0.166451
1.0901	0.161564
1.1001	0.158805
1.2001	0.134121
1.3001	0.11621
1.4001	0.103289
1.5001	0.0926602
1.6001	0.0855367
1.7001	0.0793965
1.8001	0.0753622
1.9001	0.0726265
2.0001	0.0701806
2.1001	0.0692743
2.2001	0.0689831
2.3001	0.0705247
2.4001	0.0717016
2.5001	0.0725528
2.6001	0.0746067
2.7001	0.0767897
2.8001	0.0800807
2.9001	0.0818825
3.0001	0.0848506
3.1001	0.0874209
3.2001	0.0888618
3.3001	0.0930689
3.4001	0.0956036
3.5001	0.097993
3.6001	0.0997407
3.7001	0.103111
3.8001	0.105139
3.9001	0.106607
4.0001	0.109825
4.1001	0.11045
4.2001	0.112841
4.3001	0.11483
4.4001	0.116184
4.5001	0.117382
4.6001	0.119275
4.7001	0.120054
4.8001	0.120097
4.9001	0.12168
5.0001	0.122032
5.1001	0.123181
5.2001	0.12328
5.3001	0.123737
5.4001	0.123896
5.5001	0.124007
5.6001	0.123635
5.7001	0.124012
5.8001	0.124081
5.9001	0.123168
6.0001	0.123391
6.1001	0.122991
6.2001	0.122637
6.3001	0.121848
6.4001	0.120631
6.5001	0.120686
6.6001	0.120417
6.7001	0.119404
6.8001	0.119508
6.90009	0.117714
7.00009	0.116963
7.10009	0.116328
7.20009	0.114932
7.30009	0.114254
7.40009	0.113818
7.50009	0.112661
7.60009	0.111892
7.70009	0.110383
7.80009	0.109523
7.90009	0.109339
8.00009	0.107549
8.10009	0.107032
8.2001	0.105824
8.3001	0.104723
8.4001	0.103646
8.5001	0.102668
8.6001	0.101359
8.7001	0.100189
8.8001	0.0996491
8.9001	0.0982198
9.0001	0.0971167
9.1001	0.095743
9.2001	0.0950202
9.3001	0.0942918
9.4001	0.0933075
9.5001	0.0922155
9.6001	0.0912252
9.7001	0.0903558
9.8001	0.0890097
9.9001	0.0876653
10.0001	0.0869804
